{"contract_version":"1.0.0","data_version":"1.0.0","dataset_version":"0.18.9","environment":{"runtime":"deterministic_educational","version":"1.0.0"},"evaluation_budget":12,"fairness_statement":"Both traces use the same target rotation, identity initialization, chordal objective, 0.35 step size, twelve updates, and diagnostics; only the feasibility strategy changes between ambient QR projection and a Lie-algebra exponential update.","frames":[{"decision":"not_applicable","elapsed_steps":0,"elapsed_time_ms":0,"event_label_en":"Initial rotation","event_label_ja":"初期rotation","event_type":"initialize","explanation_key":"so3-riemannian-start","frame_index":0,"iteration":0,"keyframe":true,"metrics":[{"label_en":"objective value","label_ja":"目的関数値","metric_id":"objective_value","unit":"squared loss","value":3.884444681337316129798864494659937918186187744140625},{"label_en":"geodesic residual","label_ja":"geodesic residual","metric_id":"geodesic_residual","unit":"radian","value":2.799999999999999378275106209912337362766265869140625},{"label_en":"orthogonality error","label_ja":"直交性残差","metric_id":"orthogonality_error","unit":"Frobenius norm","value":0},{"label_en":"determinant error","label_ja":"determinant残差","metric_id":"determinant_error","unit":"absolute error","value":0}],"oracle_evaluations":0,"payload":{"claim_scope":"fixed_three_correspondence_teaching_instance","map_correction_norm":0,"matrix":[1,0,0,0,1,0,0,0,1],"strategy":"riemannian","target_matrix":[-0.8034921734780395841113431742996908724308013916015625,0.0088722872713982159353918177657760679721832275390625,0.59524919964508116176915564210503362119197845458984375,0.54604838149107559619466201183968223631381988525390625,-0.38730167190618425276937841772451065480709075927734375,0.742851654107097747470334070385433733463287353515625,0.2371318034986295286703494866742403246462345123291015625,0.92191035218032357789752495591528713703155517578125,0.3063491640469078181041595598799176514148712158203125],"update_norm":0},"points":[{"coordinates":[1,0,0,0,1,0,0,0,1],"label_en":"Current rotation matrix","label_ja":"現在のrotation matrix","point_id":"rotation","role":"current","value":3.884444681337316129798864494659937918186187744140625}],"vectors":[]},{"decision":"accepted","elapsed_steps":1,"elapsed_time_ms":1,"event_label_en":"Update on SO(3)","event_label_ja":"SO(3)上の更新","event_type":"update","explanation_key":"so3-riemannian-update","frame_index":1,"iteration":1,"keyframe":true,"metrics":[{"label_en":"objective value","label_ja":"目的関数値","metric_id":"objective_value","unit":"squared loss","value":2.49326461993767001246169456862844526767730712890625},{"label_en":"geodesic residual","label_ja":"geodesic residual","metric_id":"geodesic_residual","unit":"radian","value":1.82000000000000117239551400416530668735504150390625},{"label_en":"orthogonality error","label_ja":"直交性残差","metric_id":"orthogonality_error","unit":"Frobenius norm","value":0.00000000000000024444217419384483499095564974442411286806854067883698622409838208113797008991241455078125},{"label_en":"determinant error","label_ja":"determinant残差","metric_id":"determinant_error","unit":"absolute error","value":0.00000000000000011102230246251565404236316680908203125}],"oracle_evaluations":1,"payload":{"claim_scope":"fixed_three_correspondence_teaching_instance","map_correction_norm":0.6611808531760459128889806379447691142559051513671875,"matrix":[0.58866379342577435096472981967963278293609619140625,-0.6025967826089482226592508595786057412624359130859375,0.53884325726404080914022642900818027555942535400390625,0.7291617692471714651247793881339021027088165283203125,0.6835875334044418938361786786117590963840484619140625,-0.0321122786853517416805203765761689282953739166259765625,-0.3489957773067058344196311736595816910266876220703125,0.411807238600021552343832809128798544406890869140625,0.841793766702220835895786876790225505828857421875],"strategy":"riemannian","target_matrix":[-0.8034921734780395841113431742996908724308013916015625,0.0088722872713982159353918177657760679721832275390625,0.59524919964508116176915564210503362119197845458984375,0.54604838149107559619466201183968223631381988525390625,-0.38730167190618425276937841772451065480709075927734375,0.742851654107097747470334070385433733463287353515625,0.2371318034986295286703494866742403246462345123291015625,0.92191035218032357789752495591528713703155517578125,0.3063491640469078181041595598799176514148712158203125],"update_norm":0.9799999999999986499688020558096468448638916015625},"points":[{"coordinates":[0.58866379342577435096472981967963278293609619140625,-0.6025967826089482226592508595786057412624359130859375,0.53884325726404080914022642900818027555942535400390625,0.7291617692471714651247793881339021027088165283203125,0.6835875334044418938361786786117590963840484619140625,-0.0321122786853517416805203765761689282953739166259765625,-0.3489957773067058344196311736595816910266876220703125,0.411807238600021552343832809128798544406890869140625,0.841793766702220835895786876790225505828857421875],"label_en":"Current rotation matrix","label_ja":"現在のrotation matrix","point_id":"rotation","role":"current","value":2.49326461993767001246169456862844526767730712890625}],"vectors":[]},{"decision":"accepted","elapsed_steps":2,"elapsed_time_ms":2,"event_label_en":"Update on SO(3)","event_label_ja":"SO(3)上の更新","event_type":"update","explanation_key":"so3-riemannian-update","frame_index":2,"iteration":2,"keyframe":false,"metrics":[{"label_en":"objective value","label_ja":"目的関数値","metric_id":"objective_value","unit":"squared loss","value":1.243701407340084497121779349981807172298431396484375},{"label_en":"geodesic residual","label_ja":"geodesic residual","metric_id":"geodesic_residual","unit":"radian","value":1.183000000000001161737372967763803899288177490234375},{"label_en":"orthogonality error","label_ja":"直交性残差","metric_id":"orthogonality_error","unit":"Frobenius norm","value":0.0000000000000000572195849815279681489332506086555032552629960844979561951362256877473555505275726318359375},{"label_en":"determinant error","label_ja":"determinant残差","metric_id":"determinant_error","unit":"absolute error","value":0}],"oracle_evaluations":2,"payload":{"claim_scope":"fixed_three_correspondence_teaching_instance","map_correction_norm":0.283702564760471453997325852469657547771930694580078125,"matrix":[0.028540423852385921055230255660717375576496124267578125,-0.65147274286970624501691418117843568325042724609375,0.758135020629008948844784754328429698944091796875,0.9503833816843567650067825525184161961078643798828125,0.252723402963373866558782765423529781401157379150390625,0.181389937462965222803035203469335101544857025146484375,-0.309769062407033224371133428576285950839519500732421875,0.7153419789809862816554186792927794158458709716796875,0.62636170148168679450151330456719733774662017822265625],"strategy":"riemannian","target_matrix":[-0.8034921734780395841113431742996908724308013916015625,0.0088722872713982159353918177657760679721832275390625,0.59524919964508116176915564210503362119197845458984375,0.54604838149107559619466201183968223631381988525390625,-0.38730167190618425276937841772451065480709075927734375,0.742851654107097747470334070385433733463287353515625,0.2371318034986295286703494866742403246462345123291015625,0.92191035218032357789752495591528713703155517578125,0.3063491640469078181041595598799176514148712158203125],"update_norm":0.63700000000000034372504842394846491515636444091796875},"points":[{"coordinates":[0.028540423852385921055230255660717375576496124267578125,-0.65147274286970624501691418117843568325042724609375,0.758135020629008948844784754328429698944091796875,0.9503833816843567650067825525184161961078643798828125,0.252723402963373866558782765423529781401157379150390625,0.181389937462965222803035203469335101544857025146484375,-0.309769062407033224371133428576285950839519500732421875,0.7153419789809862816554186792927794158458709716796875,0.62636170148168679450151330456719733774662017822265625],"label_en":"Current rotation matrix","label_ja":"現在のrotation matrix","point_id":"rotation","role":"current","value":1.243701407340084497121779349981807172298431396484375}],"vectors":[]},{"decision":"accepted","elapsed_steps":3,"elapsed_time_ms":3,"event_label_en":"Update on SO(3)","event_label_ja":"SO(3)上の更新","event_type":"update","explanation_key":"so3-riemannian-update","frame_index":3,"iteration":3,"keyframe":false,"metrics":[{"label_en":"objective value","label_ja":"目的関数値","metric_id":"objective_value","unit":"squared loss","value":0.56271756854205856601680579842650331556797027587890625},{"label_en":"geodesic residual","label_ja":"geodesic residual","metric_id":"geodesic_residual","unit":"radian","value":0.768950000000000688515910951537080109119415283203125},{"label_en":"orthogonality error","label_ja":"直交性残差","metric_id":"orthogonality_error","unit":"Frobenius norm","value":0.00000000000000040769323361038831780527337020588999010509254246337196292415683274157345294952392578125},{"label_en":"determinant error","label_ja":"determinant残差","metric_id":"determinant_error","unit":"absolute error","value":0}],"oracle_evaluations":3,"payload":{"claim_scope":"fixed_three_correspondence_teaching_instance","map_correction_norm":0.12064835919172785250186308303455007262527942657470703125,"matrix":[-0.3410200116745880638546850605052895843982696533203125,-0.512039220709947784371252055279910564422607421875,0.7883661510314945441990630570217035710811614990234375,0.92466076276366726549582608640776015818119049072265625,-0.031553855134298369744527690272661857306957244873046875,0.379482315834976657864530125152668915688991546630859375,-0.169433837950915489045655704103410243988037109375,0.85838231032618150795343581194174475967884063720703125,0.48422307243285056532755561420344747602939605712890625],"strategy":"riemannian","target_matrix":[-0.8034921734780395841113431742996908724308013916015625,0.0088722872713982159353918177657760679721832275390625,0.59524919964508116176915564210503362119197845458984375,0.54604838149107559619466201183968223631381988525390625,-0.38730167190618425276937841772451065480709075927734375,0.742851654107097747470334070385433733463287353515625,0.2371318034986295286703494866742403246462345123291015625,0.92191035218032357789752495591528713703155517578125,0.3063491640469078181041595598799176514148712158203125],"update_norm":0.414050000000000417710310784968896768987178802490234375},"points":[{"coordinates":[-0.3410200116745880638546850605052895843982696533203125,-0.512039220709947784371252055279910564422607421875,0.7883661510314945441990630570217035710811614990234375,0.92466076276366726549582608640776015818119049072265625,-0.031553855134298369744527690272661857306957244873046875,0.379482315834976657864530125152668915688991546630859375,-0.169433837950915489045655704103410243988037109375,0.85838231032618150795343581194174475967884063720703125,0.48422307243285056532755561420344747602939605712890625],"label_en":"Current rotation matrix","label_ja":"現在のrotation matrix","point_id":"rotation","role":"current","value":0.56271756854205856601680579842650331556797027587890625}],"vectors":[]},{"decision":"accepted","elapsed_steps":4,"elapsed_time_ms":4,"event_label_en":"Update on SO(3)","event_label_ja":"SO(3)上の更新","event_type":"update","explanation_key":"so3-riemannian-update","frame_index":4,"iteration":4,"keyframe":true,"metrics":[{"label_en":"objective value","label_ja":"目的関数値","metric_id":"objective_value","unit":"squared loss","value":0.2446599151276200589943954355476307682693004608154296875},{"label_en":"geodesic residual","label_ja":"geodesic residual","metric_id":"geodesic_residual","unit":"radian","value":0.49981750000000080280670999854919500648975372314453125},{"label_en":"orthogonality error","label_ja":"直交性残差","metric_id":"orthogonality_error","unit":"Frobenius norm","value":0.00000000000000040901233452591169221738373169151579960267425405302799124029888844233937561511993408203125},{"label_en":"determinant error","label_ja":"determinant残差","metric_id":"determinant_error","unit":"absolute error","value":0}],"oracle_evaluations":4,"payload":{"claim_scope":"fixed_three_correspondence_teaching_instance","map_correction_norm":0.051114405439535215425195247007650323212146759033203125,"matrix":[-0.54738266557151893376698126303381286561489105224609375,-0.359737928546195295798071356330183334648609161376953125,0.75561950755463647144694050439284183084964752197265625,0.83585567179897035661184645505272783339023590087890625,-0.19029435813193751325655966866179369390010833740234375,0.51491101482163503799682757744449190795421600341796875,-0.04144289267547396349300470319576561450958251953125,0.913442214936690088933346487465314567089080810546875,0.404852820934031021327115240637795068323612213134765625],"strategy":"riemannian","target_matrix":[-0.8034921734780395841113431742996908724308013916015625,0.0088722872713982159353918177657760679721832275390625,0.59524919964508116176915564210503362119197845458984375,0.54604838149107559619466201183968223631381988525390625,-0.38730167190618425276937841772451065480709075927734375,0.742851654107097747470334070385433733463287353515625,0.2371318034986295286703494866742403246462345123291015625,0.92191035218032357789752495591528713703155517578125,0.3063491640469078181041595598799176514148712158203125],"update_norm":0.269132500000000274287259571792674250900745391845703125},"points":[{"coordinates":[-0.54738266557151893376698126303381286561489105224609375,-0.359737928546195295798071356330183334648609161376953125,0.75561950755463647144694050439284183084964752197265625,0.83585567179897035661184645505272783339023590087890625,-0.19029435813193751325655966866179369390010833740234375,0.51491101482163503799682757744449190795421600341796875,-0.04144289267547396349300470319576561450958251953125,0.913442214936690088933346487465314567089080810546875,0.404852820934031021327115240637795068323612213134765625],"label_en":"Current rotation matrix","label_ja":"現在のrotation matrix","point_id":"rotation","role":"current","value":0.2446599151276200589943954355476307682693004608154296875}],"vectors":[]},{"decision":"accepted","elapsed_steps":5,"elapsed_time_ms":5,"event_label_en":"Update on SO(3)","event_label_ja":"SO(3)上の更新","event_type":"update","explanation_key":"so3-riemannian-update","frame_index":5,"iteration":5,"keyframe":false,"metrics":[{"label_en":"objective value","label_ja":"目的関数値","metric_id":"objective_value","unit":"squared loss","value":0.10462280449633920564878053482971154153347015380859375},{"label_en":"geodesic residual","label_ja":"geodesic residual","metric_id":"geodesic_residual","unit":"radian","value":0.32488137499999980573051061583100818097591400146484375},{"label_en":"orthogonality error","label_ja":"直交性残差","metric_id":"orthogonality_error","unit":"Frobenius norm","value":0.0000000000000004863169719131263721743027181648916436218469555065324616549560232670046389102935791015625},{"label_en":"determinant error","label_ja":"determinant残差","metric_id":"determinant_error","unit":"absolute error","value":0.0000000000000002220446049250313080847263336181640625}],"oracle_evaluations":5,"payload":{"claim_scope":"fixed_three_correspondence_teaching_instance","map_correction_norm":0.0216209510264600245077470930255003622733056545257568359375,"matrix":[-0.65843448435224616321903567950357683002948760986328125,-0.24053368507668715370328982317005284130573272705078125,0.713167284835206860549305929453112185001373291015625,0.7508212187235321355416317601338960230350494384765625,-0.275718834117112343573552379893953911960124969482421875,0.6002054831702310355723284374107606709003448486328125,0.052264015635060612208206975992652587592601776123046875,0.93065711777030390994269737348076887428760528564453125,0.362140582941443633924194500650628469884395599365234375],"strategy":"riemannian","target_matrix":[-0.8034921734780395841113431742996908724308013916015625,0.0088722872713982159353918177657760679721832275390625,0.59524919964508116176915564210503362119197845458984375,0.54604838149107559619466201183968223631381988525390625,-0.38730167190618425276937841772451065480709075927734375,0.742851654107097747470334070385433733463287353515625,0.2371318034986295286703494866742403246462345123291015625,0.92191035218032357789752495591528713703155517578125,0.3063491640469078181041595598799176514148712158203125],"update_norm":0.1749361250000001921645065294796950183808803558349609375},"points":[{"coordinates":[-0.65843448435224616321903567950357683002948760986328125,-0.24053368507668715370328982317005284130573272705078125,0.713167284835206860549305929453112185001373291015625,0.7508212187235321355416317601338960230350494384765625,-0.275718834117112343573552379893953911960124969482421875,0.6002054831702310355723284374107606709003448486328125,0.052264015635060612208206975992652587592601776123046875,0.93065711777030390994269737348076887428760528564453125,0.362140582941443633924194500650628469884395599365234375],"label_en":"Current rotation matrix","label_ja":"現在のrotation matrix","point_id":"rotation","role":"current","value":0.10462280449633920564878053482971154153347015380859375}],"vectors":[]},{"decision":"accepted","elapsed_steps":6,"elapsed_time_ms":6,"event_label_en":"Update on SO(3)","event_label_ja":"SO(3)上の更新","event_type":"update","explanation_key":"so3-riemannian-update","frame_index":6,"iteration":6,"keyframe":false,"metrics":[{"label_en":"objective value","label_ja":"目的関数値","metric_id":"objective_value","unit":"squared loss","value":0.044428518524064174177734543036422110162675380706787109375},{"label_en":"geodesic residual","label_ja":"geodesic residual","metric_id":"geodesic_residual","unit":"radian","value":0.2111728937499998959292923927932861261069774627685546875},{"label_en":"orthogonality error","label_ja":"直交性残差","metric_id":"orthogonality_error","unit":"Frobenius norm","value":0.0000000000000005921279814159235677338793244070597996352089075443314580837750327191315591335296630859375},{"label_en":"determinant error","label_ja":"determinant残差","metric_id":"determinant_error","unit":"absolute error","value":0}],"oracle_evaluations":6,"payload":{"claim_scope":"fixed_three_correspondence_teaching_instance","map_correction_norm":0.00913933791051936735005956080613032099790871143341064453125,"matrix":[-0.71885605121977835807456358452327549457550048828125,-0.1565314793044551844314327126994612626731395721435546875,0.67730633660956296449029423456522636115550994873046875,0.6854102642951562796014286504941992461681365966796875,-0.32219696247675255751374834289890713989734649658203125,0.65299455355278313017919344929396174848079681396484375,0.11601184087648865050912405649796710349619388580322265625,0.93364180141931996104176505468785762786865234375,0.3389015187616235547096721347770653665065765380859375],"strategy":"riemannian","target_matrix":[-0.8034921734780395841113431742996908724308013916015625,0.0088722872713982159353918177657760679721832275390625,0.59524919964508116176915564210503362119197845458984375,0.54604838149107559619466201183968223631381988525390625,-0.38730167190618425276937841772451065480709075927734375,0.742851654107097747470334070385433733463287353515625,0.2371318034986295286703494866742403246462345123291015625,0.92191035218032357789752495591528713703155517578125,0.3063491640469078181041595598799176514148712158203125],"update_norm":0.11370848125000006245688410899674636311829090118408203125},"points":[{"coordinates":[-0.71885605121977835807456358452327549457550048828125,-0.1565314793044551844314327126994612626731395721435546875,0.67730633660956296449029423456522636115550994873046875,0.6854102642951562796014286504941992461681365966796875,-0.32219696247675255751374834289890713989734649658203125,0.65299455355278313017919344929396174848079681396484375,0.11601184087648865050912405649796710349619388580322265625,0.93364180141931996104176505468785762786865234375,0.3389015187616235547096721347770653665065765380859375],"label_en":"Current rotation matrix","label_ja":"現在のrotation matrix","point_id":"rotation","role":"current","value":0.044428518524064174177734543036422110162675380706787109375}],"vectors":[]},{"decision":"accepted","elapsed_steps":7,"elapsed_time_ms":7,"event_label_en":"Update on SO(3)","event_label_ja":"SO(3)上の更新","event_type":"update","explanation_key":"so3-riemannian-update","frame_index":7,"iteration":7,"keyframe":false,"metrics":[{"label_en":"objective value","label_ja":"目的関数値","metric_id":"objective_value","unit":"squared loss","value":0.018811397974402059574128287522398750297725200653076171875},{"label_en":"geodesic residual","label_ja":"geodesic residual","metric_id":"geodesic_residual","unit":"radian","value":0.1372623809374975412112007688847370445728302001953125},{"label_en":"orthogonality error","label_ja":"直交性残差","metric_id":"orthogonality_error","unit":"Frobenius norm","value":0.0000000000000005562379397036932124133154774987497421414095791734888418744731097831390798091888427734375},{"label_en":"determinant error","label_ja":"determinant残差","metric_id":"determinant_error","unit":"absolute error","value":0.000000000000000444089209850062616169452667236328125}],"oracle_evaluations":7,"payload":{"claim_scope":"fixed_three_correspondence_teaching_instance","map_correction_norm":0.0038621712881596712181597741420091551844961941242218017578125,"matrix":[-0.752699986583597269174106259015388786792755126953125,-0.099786359180008832314712208244600333273410797119140625,0.6507575683145383482752777126734144985675811767578125,0.6390786627441926714965347855468280613422393798828125,-0.348230758910459403665527133853174746036529541015625,0.685794285025575600656111419084481894969940185546875,0.1581808870317373549863049220221000723540782928466796875,0.932082625666975861378205081564374268054962158203125,0.325884620544770131633782739299931563436985015869140625],"strategy":"riemannian","target_matrix":[-0.8034921734780395841113431742996908724308013916015625,0.0088722872713982159353918177657760679721832275390625,0.59524919964508116176915564210503362119197845458984375,0.54604838149107559619466201183968223631381988525390625,-0.38730167190618425276937841772451065480709075927734375,0.742851654107097747470334070385433733463287353515625,0.2371318034986295286703494866742403246462345123291015625,0.92191035218032357789752495591528713703155517578125,0.3063491640469078181041595598799176514148712158203125],"update_norm":0.07391051281250006488310333452318445779383182525634765625},"points":[{"coordinates":[-0.752699986583597269174106259015388786792755126953125,-0.099786359180008832314712208244600333273410797119140625,0.6507575683145383482752777126734144985675811767578125,0.6390786627441926714965347855468280613422393798828125,-0.348230758910459403665527133853174746036529541015625,0.685794285025575600656111419084481894969940185546875,0.1581808870317373549863049220221000723540782928466796875,0.932082625666975861378205081564374268054962158203125,0.325884620544770131633782739299931563436985015869140625],"label_en":"Current rotation matrix","label_ja":"現在のrotation matrix","point_id":"rotation","role":"current","value":0.018811397974402059574128287522398750297725200653076171875}],"vectors":[]},{"decision":"accepted","elapsed_steps":8,"elapsed_time_ms":8,"event_label_en":"Update on SO(3)","event_label_ja":"SO(3)上の更新","event_type":"update","explanation_key":"so3-riemannian-update","frame_index":8,"iteration":8,"keyframe":false,"metrics":[{"label_en":"objective value","label_ja":"目的関数値","metric_id":"objective_value","unit":"squared loss","value":0.0079550269772199755369257445636321790516376495361328125},{"label_en":"geodesic residual","label_ja":"geodesic residual","metric_id":"geodesic_residual","unit":"radian","value":0.08922054760937248030217006089515052735805511474609375},{"label_en":"orthogonality error","label_ja":"直交性残差","metric_id":"orthogonality_error","unit":"Frobenius norm","value":0.0000000000000006850905979847989523697703704815897472635180358302431358197281952016055583953857421875},{"label_en":"determinant error","label_ja":"determinant残差","metric_id":"determinant_error","unit":"absolute error","value":0.000000000000000444089209850062616169452667236328125}],"oracle_evaluations":8,"payload":{"claim_scope":"fixed_three_correspondence_teaching_instance","map_correction_norm":0.001631910373373137400354604409358216798864305019378662109375,"matrix":[-0.772295988661749088777241922798566520214080810546875,-0.0621718493192935373059526682482101023197174072265625,0.6322132291001121284779173947754316031932830810546875,0.6074936919844471372442740175756625831127166748046875,-0.363304606662883944334652142060804180800914764404296875,0.7063718404471071021788475263747386634349822998046875,0.185769534897618326940715860473574139177799224853515625,0.92959368754835380865841898412327282130718231201171875,0.318347696668557944565947082082857377827167510986328125],"strategy":"riemannian","target_matrix":[-0.8034921734780395841113431742996908724308013916015625,0.0088722872713982159353918177657760679721832275390625,0.59524919964508116176915564210503362119197845458984375,0.54604838149107559619466201183968223631381988525390625,-0.38730167190618425276937841772451065480709075927734375,0.742851654107097747470334070385433733463287353515625,0.2371318034986295286703494866742403246462345123291015625,0.92191035218032357789752495591528713703155517578125,0.3063491640469078181041595598799176514148712158203125],"update_norm":0.048041833328125053970136804082358139567077159881591796875},"points":[{"coordinates":[-0.772295988661749088777241922798566520214080810546875,-0.0621718493192935373059526682482101023197174072265625,0.6322132291001121284779173947754316031932830810546875,0.6074936919844471372442740175756625831127166748046875,-0.363304606662883944334652142060804180800914764404296875,0.7063718404471071021788475263747386634349822998046875,0.185769534897618326940715860473574139177799224853515625,0.92959368754835380865841898412327282130718231201171875,0.318347696668557944565947082082857377827167510986328125],"label_en":"Current rotation matrix","label_ja":"現在のrotation matrix","point_id":"rotation","role":"current","value":0.0079550269772199755369257445636321790516376495361328125}],"vectors":[]},{"decision":"accepted","elapsed_steps":9,"elapsed_time_ms":9,"event_label_en":"Update on SO(3)","event_label_ja":"SO(3)上の更新","event_type":"update","explanation_key":"so3-riemannian-update","frame_index":9,"iteration":9,"keyframe":false,"metrics":[{"label_en":"objective value","label_ja":"目的関数値","metric_id":"objective_value","unit":"squared loss","value":0.003362286830261664895280748766026590601541101932525634765625},{"label_en":"geodesic residual","label_ja":"geodesic residual","metric_id":"geodesic_residual","unit":"radian","value":0.057993355946087732366578393339295871555805206298828125},{"label_en":"orthogonality error","label_ja":"直交性残差","metric_id":"orthogonality_error","unit":"Frobenius norm","value":0.0000000000000005338215145499442908228833501490830238305762014093536205194823196507059037685394287109375},{"label_en":"determinant error","label_ja":"determinant残差","metric_id":"determinant_error","unit":"absolute error","value":0.000000000000000444089209850062616169452667236328125}],"oracle_evaluations":9,"payload":{"claim_scope":"fixed_three_correspondence_teaching_instance","map_correction_norm":0.000689507661153302797533981571831418477813713252544403076171875,"matrix":[-0.78399197836702028130417829743237234652042388916015625,-0.037463229727043030614641594411295955069363117218017578125,0.6196394792737021095518912261468358337879180908203125,0.58638383845535690941375150941894389688968658447265625,-0.3723015218207847976117363941739313304424285888671875,0.71940640172873770996631037633051164448261260986328125,0.203741433818768802321841349112219177186489105224609375,0.92735542445620422480345723670325241982936859130859375,0.313849239089607490171829340397380292415618896484375],"strategy":"riemannian","target_matrix":[-0.8034921734780395841113431742996908724308013916015625,0.0088722872713982159353918177657760679721832275390625,0.59524919964508116176915564210503362119197845458984375,0.54604838149107559619466201183968223631381988525390625,-0.38730167190618425276937841772451065480709075927734375,0.742851654107097747470334070385433733463287353515625,0.2371318034986295286703494866742403246462345123291015625,0.92191035218032357789752495591528713703155517578125,0.3063491640469078181041595598799176514148712158203125],"update_norm":0.0312271916632812888969805698025083984248340129852294921875},"points":[{"coordinates":[-0.78399197836702028130417829743237234652042388916015625,-0.037463229727043030614641594411295955069363117218017578125,0.6196394792737021095518912261468358337879180908203125,0.58638383845535690941375150941894389688968658447265625,-0.3723015218207847976117363941739313304424285888671875,0.71940640172873770996631037633051164448261260986328125,0.203741433818768802321841349112219177186489105224609375,0.92735542445620422480345723670325241982936859130859375,0.313849239089607490171829340397380292415618896484375],"label_en":"Current rotation matrix","label_ja":"現在のrotation matrix","point_id":"rotation","role":"current","value":0.003362286830261664895280748766026590601541101932525634765625}],"vectors":[]},{"decision":"accepted","elapsed_steps":10,"elapsed_time_ms":10,"event_label_en":"Update on SO(3)","event_label_ja":"SO(3)上の更新","event_type":"update","explanation_key":"so3-riemannian-update","frame_index":10,"iteration":10,"keyframe":false,"metrics":[{"label_en":"objective value","label_ja":"目的関数値","metric_id":"objective_value","unit":"squared loss","value":0.00142079613988761277280914452347815313260070979595184326171875},{"label_en":"geodesic residual","label_ja":"geodesic residual","metric_id":"geodesic_residual","unit":"radian","value":0.037695681364951334757495970961826969869434833526611328125},{"label_en":"orthogonality error","label_ja":"直交性残差","metric_id":"orthogonality_error","unit":"Frobenius norm","value":0.0000000000000008173916881350316950337591743198484491137413760798724471356990761705674231052398681640625},{"label_en":"determinant error","label_ja":"determinant残差","metric_id":"determinant_error","unit":"absolute error","value":0.000000000000000444089209850062616169452667236328125}],"oracle_evaluations":10,"payload":{"claim_scope":"fixed_three_correspondence_teaching_instance","map_correction_norm":0.0002913215439127282637039872970063925095018930733203887939453125,"matrix":[-0.79114777355226706401225555964629165828227996826171875,-0.0213068273316443755616145239173420122824609279632568359375,0.6112538094051853665433782225591130554676055908203125,0.5724292191938804563733356189914047718048095703125,-0.37780597965559004070001947184209711849689483642578125,0.72772758003909998603120357074658386409282684326171875,0.21542977838816879110339641556493006646633148193359375,0.9256395955476082182400432429858483374118804931640625,0.31109701017220492413883903282112441956996917724609375],"strategy":"riemannian","target_matrix":[-0.8034921734780395841113431742996908724308013916015625,0.0088722872713982159353918177657760679721832275390625,0.59524919964508116176915564210503362119197845458984375,0.54604838149107559619466201183968223631381988525390625,-0.38730167190618425276937841772451065480709075927734375,0.742851654107097747470334070385433733463287353515625,0.2371318034986295286703494866742403246462345123291015625,0.92191035218032357789752495591528713703155517578125,0.3063491640469078181041595598799176514148712158203125],"update_norm":0.020297674581132817139828006247626035474240779876708984375},"points":[{"coordinates":[-0.79114777355226706401225555964629165828227996826171875,-0.0213068273316443755616145239173420122824609279632568359375,0.6112538094051853665433782225591130554676055908203125,0.5724292191938804563733356189914047718048095703125,-0.37780597965559004070001947184209711849689483642578125,0.72772758003909998603120357074658386409282684326171875,0.21542977838816879110339641556493006646633148193359375,0.9256395955476082182400432429858483374118804931640625,0.31109701017220492413883903282112441956996917724609375],"label_en":"Current rotation matrix","label_ja":"現在のrotation matrix","point_id":"rotation","role":"current","value":0.00142079613988761277280914452347815313260070979595184326171875}],"vectors":[]},{"decision":"accepted","elapsed_steps":11,"elapsed_time_ms":11,"event_label_en":"Update on SO(3)","event_label_ja":"SO(3)上の更新","event_type":"update","explanation_key":"so3-riemannian-update","frame_index":11,"iteration":11,"keyframe":false,"metrics":[{"label_en":"objective value","label_ja":"目的関数値","metric_id":"objective_value","unit":"squared loss","value":0.00060032742112755264375645314345320002757944166660308837890625},{"label_en":"geodesic residual","label_ja":"geodesic residual","metric_id":"geodesic_residual","unit":"radian","value":0.0245021928872140616617603114946177811361849308013916015625},{"label_en":"orthogonality error","label_ja":"直交性残差","metric_id":"orthogonality_error","unit":"Frobenius norm","value":0.0000000000000004609144279886067588016484753986325452313515724754588998024473767145536839962005615234375},{"label_en":"determinant error","label_ja":"determinant残差","metric_id":"determinant_error","unit":"absolute error","value":0.0000000000000002220446049250313080847263336181640625}],"oracle_evaluations":11,"payload":{"claim_scope":"fixed_three_correspondence_teaching_instance","map_correction_norm":0.000123084165776972853829918097545714772422797977924346923828125,"matrix":[-0.79560865408175029944715106466901488602161407470703125,-0.010768480230742664971455013755985419265925884246826171875,0.60571520484774532544491876251413486897945404052734375,0.56326345071743511017103855920140631496906280517578125,-0.3812374262167310678961484882165677845478057861328125,0.73307046723867574922195444742101244628429412841796875,0.2230272508822934429684181623088079504668712615966796875,0.92441444422140162107126570845139212906360626220703125,0.309381286891634410540774524633889086544513702392578125],"strategy":"riemannian","target_matrix":[-0.8034921734780395841113431742996908724308013916015625,0.0088722872713982159353918177657760679721832275390625,0.59524919964508116176915564210503362119197845458984375,0.54604838149107559619466201183968223631381988525390625,-0.38730167190618425276937841772451065480709075927734375,0.742851654107097747470334070385433733463287353515625,0.2371318034986295286703494866742403246462345123291015625,0.92191035218032357789752495591528713703155517578125,0.3063491640469078181041595598799176514148712158203125],"update_norm":0.0131934884777363641006342476202917168848216533660888671875},"points":[{"coordinates":[-0.79560865408175029944715106466901488602161407470703125,-0.010768480230742664971455013755985419265925884246826171875,0.60571520484774532544491876251413486897945404052734375,0.56326345071743511017103855920140631496906280517578125,-0.3812374262167310678961484882165677845478057861328125,0.73307046723867574922195444742101244628429412841796875,0.2230272508822934429684181623088079504668712615966796875,0.92441444422140162107126570845139212906360626220703125,0.309381286891634410540774524633889086544513702392578125],"label_en":"Current rotation matrix","label_ja":"現在のrotation matrix","point_id":"rotation","role":"current","value":0.00060032742112755264375645314345320002757944166660308837890625}],"vectors":[]},{"decision":"accepted","elapsed_steps":12,"elapsed_time_ms":12,"event_label_en":"Update on SO(3)","event_label_ja":"SO(3)上の更新","event_type":"update","explanation_key":"so3-riemannian-update","frame_index":12,"iteration":12,"keyframe":true,"metrics":[{"label_en":"objective value","label_ja":"目的関数値","metric_id":"objective_value","unit":"squared loss","value":0.0002536456637545806379330226576485074474476277828216552734375},{"label_en":"geodesic residual","label_ja":"geodesic residual","metric_id":"geodesic_residual","unit":"radian","value":0.015926425376687168566913754830238758586347103118896484375},{"label_en":"orthogonality error","label_ja":"直交性残差","metric_id":"orthogonality_error","unit":"Frobenius norm","value":0.000000000000000578374211097986897935423667546218772782758480409392998211615122272633016109466552734375},{"label_en":"determinant error","label_ja":"determinant残差","metric_id":"determinant_error","unit":"absolute error","value":0.000000000000000444089209850062616169452667236328125}],"oracle_evaluations":12,"payload":{"claim_scope":"fixed_three_correspondence_teaching_instance","map_correction_norm":0.000052003205251393867032845552689224177811411209404468536376953125,"matrix":[-0.798427342334740774987267286633141338825225830078125,-0.00390409982810375165429572774655753164552152156829833984375,0.602078513996982866984808424604125320911407470703125,0.557266359008024014798365897149778902530670166015625,-0.383405647949800643115025877705193124711513519287109375,0.73651497896385909047722861942020244896411895751953125,0.2279648747728976465598549339119927026331424713134765625,0.923571798575901770078644403838552534580230712890625,0.3082971760250996506869114455184899270534515380859375],"strategy":"riemannian","target_matrix":[-0.8034921734780395841113431742996908724308013916015625,0.0088722872713982159353918177657760679721832275390625,0.59524919964508116176915564210503362119197845458984375,0.54604838149107559619466201183968223631381988525390625,-0.38730167190618425276937841772451065480709075927734375,0.742851654107097747470334070385433733463287353515625,0.2371318034986295286703494866742403246462345123291015625,0.92191035218032357789752495591528713703155517578125,0.3063491640469078181041595598799176514148712158203125],"update_norm":0.00857576751052862608359905749466634006239473819732666015625},"points":[{"coordinates":[-0.798427342334740774987267286633141338825225830078125,-0.00390409982810375165429572774655753164552152156829833984375,0.602078513996982866984808424604125320911407470703125,0.557266359008024014798365897149778902530670166015625,-0.383405647949800643115025877705193124711513519287109375,0.73651497896385909047722861942020244896411895751953125,0.2279648747728976465598549339119927026331424713134765625,0.923571798575901770078644403838552534580230712890625,0.3082971760250996506869114455184899270534515380859375],"label_en":"Current rotation matrix","label_ja":"現在のrotation matrix","point_id":"rotation","role":"current","value":0.0002536456637545806379330226576485074474476277828216552734375}],"vectors":[]}],"generator_id":"educational.so3_attitude.v1","generator_version":"1.0.0","implementation_id":null,"implementation_mapping_status":"not_applicable","initial_state":{"point":[1,0,0,0,1,0,0,0,1],"target_rotation":[-0.8034921734780395841113431742996908724308013916015625,0.0088722872713982159353918177657760679721832275390625,0.59524919964508116176915564210503362119197845458984375,0.54604838149107559619466201183968223631381988525390625,-0.38730167190618425276937841772451065480709075927734375,0.742851654107097747470334070385433733463287353515625,0.2371318034986295286703494866742403246462345123291015625,0.92191035218032357789752495591528713703155517578125,0.3063491640469078181041595598799176514148712158203125]},"method_id":"M_RIEMANNIAN_GRADIENT","objective":{"dimensions":9,"direction":"minimize","display_expression":"min 0.5 ||R-R_target||_F^2, R^T R=I, det(R)=1","display_range":{"geodesic_residual":[0,3.141592653589793115997963468544185161590576171875],"objective_value":[0,4],"oracle_evaluations":[0,12],"orthogonality_error":[0,0.00000000010000000000000000364321973154977415791655470655996396089904010295867919921875]},"domain":{"matrix_entry":[-1,1]},"family":"rotation_manifold_least_squares","generator_id":"problem.so3_attitude.fixed_3.v1","known_reference_status":"known_exact","optimum":{"point":[-0.8034921734780395841113431742996908724308013916015625,0.0088722872713982159353918177657760679721832275390625,0.59524919964508116176915564210503362119197845458984375,0.54604838149107559619466201183968223631381988525390625,-0.38730167190618425276937841772451065480709075927734375,0.7428516541070977