{"contract_version":"1.0.0","data_version":"1.0.0","dataset_version":"0.18.10","environment":{"runtime":"deterministic_educational","version":"1.0.1"},"evaluation_budget":12,"fairness_statement":"Both traces use the same target rotation, identity initialization, chordal objective, 0.35 step size, twelve updates, and diagnostics; only the feasibility strategy changes between ambient QR projection and a Lie-algebra exponential update.","frames":[{"decision":"not_applicable","elapsed_steps":0,"elapsed_time_ms":0,"event_label_en":"Initial rotation","event_label_ja":"初期rotation","event_type":"initialize","explanation_key":"so3-riemannian-start","frame_index":0,"iteration":0,"keyframe":true,"metrics":[{"label_en":"objective value","label_ja":"目的関数値","metric_id":"objective_value","unit":"squared loss","value":3.884444681336999938281451250077225267887115478515625},{"label_en":"geodesic residual","label_ja":"geodesic residual","metric_id":"geodesic_residual","unit":"radian","value":2.79999999999999982236431605997495353221893310546875},{"label_en":"orthogonality error","label_ja":"直交性残差","metric_id":"orthogonality_error","unit":"Frobenius norm","value":0},{"label_en":"determinant error","label_ja":"determinant残差","metric_id":"determinant_error","unit":"absolute error","value":0}],"oracle_evaluations":0,"payload":{"claim_scope":"fixed_three_correspondence_teaching_instance","map_correction_norm":0,"matrix":[1,0,0,0,1,0,0,0,1],"strategy":"riemannian","target_matrix":[-0.8034921734780395841113431742996908724308013916015625,0.0088722872713982159353918177657760679721832275390625,0.59524919964508116176915564210503362119197845458984375,0.54604838149107559619466201183968223631381988525390625,-0.38730167190618425276937841772451065480709075927734375,0.742851654107097747470334070385433733463287353515625,0.2371318034986295286703494866742403246462345123291015625,0.92191035218032357789752495591528713703155517578125,0.3063491640469078181041595598799176514148712158203125],"update_norm":0},"points":[{"coordinates":[1,0,0,0,1,0,0,0,1],"label_en":"Current rotation matrix","label_ja":"現在のrotation matrix","point_id":"rotation","role":"current","value":3.884444681336999938281451250077225267887115478515625}],"vectors":[]},{"decision":"accepted","elapsed_steps":1,"elapsed_time_ms":1,"event_label_en":"Update on SO(3)","event_label_ja":"SO(3)上の更新","event_type":"update","explanation_key":"so3-riemannian-update","frame_index":1,"iteration":1,"keyframe":true,"metrics":[{"label_en":"objective value","label_ja":"目的関数値","metric_id":"objective_value","unit":"squared loss","value":2.493264619936999881844030824140645563602447509765625},{"label_en":"geodesic residual","label_ja":"geodesic residual","metric_id":"geodesic_residual","unit":"radian","value":1.8200000000000000621724893790087662637233734130859375},{"label_en":"orthogonality error","label_ja":"直交性残差","metric_id":"orthogonality_error","unit":"Frobenius norm","value":0.00000000000099999999999999997988664762925561536725284350612952266601496376097202301025390625},{"label_en":"determinant error","label_ja":"determinant残差","metric_id":"determinant_error","unit":"absolute error","value":0}],"oracle_evaluations":1,"payload":{"claim_scope":"fixed_three_correspondence_teaching_instance","map_correction_norm":0.66118085317599994965576115646399557590484619140625,"matrix":[0.58866379342599994828333365148864686489105224609375,-0.6025967826089999590521983918733894824981689453125,0.53884325726399995293292022324749268591403961181640625,0.7291617692470000466897772639640606939792633056640625,0.6835875334040000250723778663086704909801483154296875,-0.032112278685000002209637415262477588839828968048095703125,-0.348995777306999988010005608884966932237148284912109375,0.4118072386000000140171550810919143259525299072265625,0.84179376670200001253618893315433524549007415771484375],"strategy":"riemannian","target_matrix":[-0.8034921734780395841113431742996908724308013916015625,0.0088722872713982159353918177657760679721832275390625,0.59524919964508116176915564210503362119197845458984375,0.54604838149107559619466201183968223631381988525390625,-0.38730167190618425276937841772451065480709075927734375,0.742851654107097747470334070385433733463287353515625,0.2371318034986295286703494866742403246462345123291015625,0.92191035218032357789752495591528713703155517578125,0.3063491640469078181041595598799176514148712158203125],"update_norm":0.979999999999999982236431605997495353221893310546875},"points":[{"coordinates":[0.58866379342599994828333365148864686489105224609375,-0.6025967826089999590521983918733894824981689453125,0.53884325726399995293292022324749268591403961181640625,0.7291617692470000466897772639640606939792633056640625,0.6835875334040000250723778663086704909801483154296875,-0.032112278685000002209637415262477588839828968048095703125,-0.348995777306999988010005608884966932237148284912109375,0.4118072386000000140171550810919143259525299072265625,0.84179376670200001253618893315433524549007415771484375],"label_en":"Current rotation matrix","label_ja":"現在のrotation matrix","point_id":"rotation","role":"current","value":2.493264619936999881844030824140645563602447509765625}],"vectors":[]},{"decision":"accepted","elapsed_steps":2,"elapsed_time_ms":2,"event_label_en":"Update on SO(3)","event_label_ja":"SO(3)上の更新","event_type":"update","explanation_key":"so3-riemannian-update","frame_index":2,"iteration":2,"keyframe":false,"metrics":[{"label_en":"objective value","label_ja":"目的関数値","metric_id":"objective_value","unit":"squared loss","value":1.2437014073399998981273029130534268915653228759765625},{"label_en":"geodesic residual","label_ja":"geodesic residual","metric_id":"geodesic_residual","unit":"radian","value":1.1830000000000000515143483426072634756565093994140625},{"label_en":"orthogonality error","label_ja":"直交性残差","metric_id":"orthogonality_error","unit":"Frobenius norm","value":0.0000000000019999999999999999597732952585112307345056870122590453320299275219440460205078125},{"label_en":"determinant error","label_ja":"determinant残差","metric_id":"determinant_error","unit":"absolute error","value":0.00000000000099999999999999997988664762925561536725284350612952266601496376097202301025390625}],"oracle_evaluations":2,"payload":{"claim_scope":"fixed_three_correspondence_teaching_instance","map_correction_norm":0.283702564759999997789918779744766652584075927734375,"matrix":[0.02854042385299999928793823755768244154751300811767578125,-0.6514727428700000100292299975990317761898040771484375,0.75813502062899995603828529056045226752758026123046875,0.95038338168400005034897048972197808325290679931640625,0.25272340296299999895524024395854212343692779541015625,0.1813899374630000005392815864979638718068599700927734375,-0.3097690624069999731915459051379002630710601806640625,0.7153419789810000484209240312338806688785552978515625,0.62636170148100001053848018273129127919673919677734375],"strategy":"riemannian","target_matrix":[-0.8034921734780395841113431742996908724308013916015625,0.0088722872713982159353918177657760679721832275390625,0.59524919964508116176915564210503362119197845458984375,0.54604838149107559619466201183968223631381988525390625,-0.38730167190618425276937841772451065480709075927734375,0.742851654107097747470334070385433733463287353515625,0.2371318034986295286703494866742403246462345123291015625,0.92191035218032357789752495591528713703155517578125,0.3063491640469078181041595598799176514148712158203125],"update_norm":0.637000000000000010658141036401502788066864013671875},"points":[{"coordinates":[0.02854042385299999928793823755768244154751300811767578125,-0.6514727428700000100292299975990317761898040771484375,0.75813502062899995603828529056045226752758026123046875,0.95038338168400005034897048972197808325290679931640625,0.25272340296299999895524024395854212343692779541015625,0.1813899374630000005392815864979638718068599700927734375,-0.3097690624069999731915459051379002630710601806640625,0.7153419789810000484209240312338806688785552978515625,0.62636170148100001053848018273129127919673919677734375],"label_en":"Current rotation matrix","label_ja":"現在のrotation matrix","point_id":"rotation","role":"current","value":1.2437014073399998981273029130534268915653228759765625}],"vectors":[]},{"decision":"accepted","elapsed_steps":3,"elapsed_time_ms":3,"event_label_en":"Update on SO(3)","event_label_ja":"SO(3)上の更新","event_type":"update","explanation_key":"so3-riemannian-update","frame_index":3,"iteration":3,"keyframe":false,"metrics":[{"label_en":"objective value","label_ja":"目的関数値","metric_id":"objective_value","unit":"squared loss","value":0.56271756854199994624110559016116894781589508056640625},{"label_en":"geodesic residual","label_ja":"geodesic residual","metric_id":"geodesic_residual","unit":"radian","value":0.76895000000100000026037605493911541998386383056640625},{"label_en":"orthogonality error","label_ja":"直交性残差","metric_id":"orthogonality_error","unit":"Frobenius norm","value":0.000000000003000000000000000141608334624345868287161043230781842794385738670825958251953125},{"label_en":"determinant error","label_ja":"determinant残差","metric_id":"determinant_error","unit":"absolute error","value":0.00000000000099999999999999997988664762925561536725284350612952266601496376097202301025390625}],"oracle_evaluations":3,"payload":{"claim_scope":"fixed_three_correspondence_teaching_instance","map_correction_norm":0.12064835919199999592077432453152141533792018890380859375,"matrix":[-0.34102001167399997871854111508582718670368194580078125,-0.5120392207099999648534094376373104751110076904296875,0.78836615103200002874217489079455845057964324951171875,0.92466076276300002145802636732696555554866790771484375,-0.0315538551350000029405151735772960819303989410400390625,0.379482315834999972548047253440017811954021453857421875,-0.1694338379510000047734052941450499929487705230712890625,0.8583823103259999864889095988473854959011077880859375,0.4842230724320000234683902817778289318084716796875],"strategy":"riemannian","target_matrix":[-0.8034921734780395841113431742996908724308013916015625,0.0088722872713982159353918177657760679721832275390625,0.59524919964508116176915564210503362119197845458984375,0.54604838149107559619466201183968223631381988525390625,-0.38730167190618425276937841772451065480709075927734375,0.742851654107097747470334070385433733463287353515625,0.2371318034986295286703494866742403246462345123291015625,0.92191035218032357789752495591528713703155517578125,0.3063491640469078181041595598799176514148712158203125],"update_norm":0.414049999999999973621100934906280599534511566162109375},"points":[{"coordinates":[-0.34102001167399997871854111508582718670368194580078125,-0.5120392207099999648534094376373104751110076904296875,0.78836615103200002874217489079455845057964324951171875,0.92466076276300002145802636732696555554866790771484375,-0.0315538551350000029405151735772960819303989410400390625,0.379482315834999972548047253440017811954021453857421875,-0.1694338379510000047734052941450499929487705230712890625,0.8583823103259999864889095988473854959011077880859375,0.4842230724320000234683902817778289318084716796875],"label_en":"Current rotation matrix","label_ja":"現在のrotation matrix","point_id":"rotation","role":"current","value":0.56271756854199994624110559016116894781589508056640625}],"vectors":[]},{"decision":"accepted","elapsed_steps":4,"elapsed_time_ms":4,"event_label_en":"Update on SO(3)","event_label_ja":"SO(3)上の更新","event_type":"update","explanation_key":"so3-riemannian-update","frame_index":4,"iteration":4,"keyframe":true,"metrics":[{"label_en":"objective value","label_ja":"目的関数値","metric_id":"objective_value","unit":"squared loss","value":0.2446599151269999994351422856198041699826717376708984375},{"label_en":"geodesic residual","label_ja":"geodesic residual","metric_id":"geodesic_residual","unit":"radian","value":0.49981750000199998140715251793153584003448486328125},{"label_en":"orthogonality error","label_ja":"直交性残差","metric_id":"orthogonality_error","unit":"Frobenius norm","value":0.000000000003000000000000000141608334624345868287161043230781842794385738670825958251953125},{"label_en":"determinant error","label_ja":"determinant残差","metric_id":"determinant_error","unit":"absolute error","value":0.0000000000019999999999999999597732952585112307345056870122590453320299275219440460205078125}],"oracle_evaluations":4,"payload":{"claim_scope":"fixed_three_correspondence_teaching_instance","map_correction_norm":0.051114405440000003355560664886070298962295055389404296875,"matrix":[-0.54738266557100001552527146486681886017322540283203125,-0.359737928546000007568039791294722817838191986083984375,0.75561950755499995846520278064417652785778045654296875,0.83585567179800002168832406823639757931232452392578125,-0.1902943581319999910572704493461060337722301483154296875,0.5149110148219999683050218663993291556835174560546875,-0.04144289267600000103985991017907508648931980133056640625,0.913442214935999974301239490159787237644195556640625,0.4048528209330000127152970890165306627750396728515625],"strategy":"riemannian","target_matrix":[-0.8034921734780395841113431742996908724308013916015625,0.0088722872713982159353918177657760679721832275390625,0.59524919964508116176915564210503362119197845458984375,0.54604838149107559619466201183968223631381988525390625,-0.38730167190618425276937841772451065480709075927734375,0.742851654107097747470334070385433733463287353515625,0.2371318034986295286703494866742403246462345123291015625,0.92191035218032357789752495591528713703155517578125,0.3063491640469078181041595598799176514148712158203125],"update_norm":0.269132499999999996731503415503539144992828369140625},"points":[{"coordinates":[-0.54738266557100001552527146486681886017322540283203125,-0.359737928546000007568039791294722817838191986083984375,0.75561950755499995846520278064417652785778045654296875,0.83585567179800002168832406823639757931232452392578125,-0.1902943581319999910572704493461060337722301483154296875,0.5149110148219999683050218663993291556835174560546875,-0.04144289267600000103985991017907508648931980133056640625,0.913442214935999974301239490159787237644195556640625,0.4048528209330000127152970890165306627750396728515625],"label_en":"Current rotation matrix","label_ja":"現在のrotation matrix","point_id":"rotation","role":"current","value":0.2446599151269999994351422856198041699826717376708984375}],"vectors":[]},{"decision":"accepted","elapsed_steps":5,"elapsed_time_ms":5,"event_label_en":"Update on SO(3)","event_label_ja":"SO(3)上の更新","event_type":"update","explanation_key":"so3-riemannian-update","frame_index":5,"iteration":5,"keyframe":false,"metrics":[{"label_en":"objective value","label_ja":"目的関数値","metric_id":"objective_value","unit":"squared loss","value":0.1046228044960000047591819338776986114680767059326171875},{"label_en":"geodesic residual","label_ja":"geodesic residual","metric_id":"geodesic_residual","unit":"radian","value":0.324881375001000005653395419358275830745697021484375},{"label_en":"orthogonality error","label_ja":"直交性残差","metric_id":"orthogonality_error","unit":"Frobenius norm","value":0.0000000000019999999999999999597732952585112307345056870122590453320299275219440460205078125},{"label_en":"determinant error","label_ja":"determinant残差","metric_id":"determinant_error","unit":"absolute error","value":0.00000000000099999999999999997988664762925561536725284350612952266601496376097202301025390625}],"oracle_evaluations":5,"payload":{"claim_scope":"fixed_three_correspondence_teaching_instance","map_correction_norm":0.021620951026000000128046707459361641667783260345458984375,"matrix":[-0.658434484352000026774476282298564910888671875,-0.2405336850769999867960535766542307101190090179443359375,0.713167284836000003878098141285590827465057373046875,0.75082121872300000564592892260407097637653350830078125,-0.275718834116999989003460314052063040435314178466796875,0.60020548316999999816090394233469851315021514892578125,0.052264015635000000969956346352773834951221942901611328125,0.930657117770000041900857468135654926300048828125,0.362140582940999988803554288097075186669826507568359375],"strategy":"riemannian","target_matrix":[-0.8034921734780395841113431742996908724308013916015625,0.0088722872713982159353918177657760679721832275390625,0.59524919964508116176915564210503362119197845458984375,0.54604838149107559619466201183968223631381988525390625,-0.38730167190618425276937841772451065480709075927734375,0.742851654107097747470334070385433733463287353515625,0.2371318034986295286703494866742403246462345123291015625,0.92191035218032357789752495591528713703155517578125,0.3063491640469078181041595598799176514148712158203125],"update_norm":0.17493612499999999787547722007730044424533843994140625},"points":[{"coordinates":[-0.658434484352000026774476282298564910888671875,-0.2405336850769999867960535766542307101190090179443359375,0.713167284836000003878098141285590827465057373046875,0.75082121872300000564592892260407097637653350830078125,-0.275718834116999989003460314052063040435314178466796875,0.60020548316999999816090394233469851315021514892578125,0.052264015635000000969956346352773834951221942901611328125,0.930657117770000041900857468135654926300048828125,0.362140582940999988803554288097075186669826507568359375],"label_en":"Current rotation matrix","label_ja":"現在のrotation matrix","point_id":"rotation","role":"current","value":0.1046228044960000047591819338776986114680767059326171875}],"vectors":[]},{"decision":"accepted","elapsed_steps":6,"elapsed_time_ms":6,"event_label_en":"Update on SO(3)","event_label_ja":"SO(3)上の更新","event_type":"update","explanation_key":"so3-riemannian-update","frame_index":6,"iteration":6,"keyframe":false,"metrics":[{"label_en":"objective value","label_ja":"目的関数値","metric_id":"objective_value","unit":"squared loss","value":0.044428518524000003286911208988385624252259731292724609375},{"label_en":"geodesic residual","label_ja":"geodesic residual","metric_id":"geodesic_residual","unit":"radian","value":0.2111728937500000069515948553089401684701442718505859375},{"label_en":"orthogonality error","label_ja":"直交性残差","metric_id":"orthogonality_error","unit":"Frobenius norm","value":0.0000000000019999999999999999597732952585112307345056870122590453320299275219440460205078125},{"label_en":"determinant error","label_ja":"determinant残差","metric_id":"determinant_error","unit":"absolute error","value":0}],"oracle_evaluations":6,"payload":{"claim_scope":"fixed_three_correspondence_teaching_instance","map_correction_norm":0.0091393379099999998149694846460988628678023815155029296875,"matrix":[-0.718856051219999958590278765768744051456451416015625,-0.15653147930499999862519189264276064932346343994140625,0.67730633660999994827278669617953710258007049560546875,0.6854102642949999601995614284533075988292694091796875,-0.3221969624770000262259372902917675673961639404296875,0.652994553552999956735902742366306483745574951171875,0.1160118408759999997226231016611563973128795623779296875,0.9336418014189999947660680845729075372219085693359375,0.338901518760999997947891415606136433780193328857421875],"strategy":"riemannian","target_matrix":[-0.8034921734780395841113431742996908724308013916015625,0.0088722872713982159353918177657760679721832275390625,0.59524919964508116176915564210503362119197845458984375,0.54604838149107559619466201183968223631381988525390625,-0.38730167190618425276937841772451065480709075927734375,0.742851654107097747470334070385433733463287353515625,0.2371318034986295286703494866742403246462345123291015625,0.92191035218032357789752495591528713703155517578125,0.3063491640469078181041595598799176514148712158203125],"update_norm":0.1137084812499999930679450699244625866413116455078125},"points":[{"coordinates":[-0.718856051219999958590278765768744051456451416015625,-0.15653147930499999862519189264276064932346343994140625,0.67730633660999994827278669617953710258007049560546875,0.6854102642949999601995614284533075988292694091796875,-0.3221969624770000262259372902917675673961639404296875,0.652994553552999956735902742366306483745574951171875,0.1160118408759999997226231016611563973128795623779296875,0.9336418014189999947660680845729075372219085693359375,0.338901518760999997947891415606136433780193328857421875],"label_en":"Current rotation matrix","label_ja":"現在のrotation matrix","point_id":"rotation","role":"current","value":0.044428518524000003286911208988385624252259731292724609375}],"vectors":[]},{"decision":"accepted","elapsed_steps":7,"elapsed_time_ms":7,"event_label_en":"Update on SO(3)","event_label_ja":"SO(3)上の更新","event_type":"update","explanation_key":"so3-riemannian-update","frame_index":7,"iteration":7,"keyframe":false,"metrics":[{"label_en":"objective value","label_ja":"目的関数値","metric_id":"objective_value","unit":"squared loss","value":0.01881139797399999924465419098851270973682403564453125},{"label_en":"geodesic residual","label_ja":"geodesic residual","metric_id":"geodesic_residual","unit":"radian","value":0.1372623809350000112505796323603135533630847930908203125},{"label_en":"orthogonality error","label_ja":"直交性残差","metric_id":"orthogonality_error","unit":"Frobenius norm","value":0.000000000003000000000000000141608334624345868287161043230781842794385738670825958251953125},{"label_en":"determinant error","label_ja":"determinant残差","metric_id":"determinant_error","unit":"absolute error","value":0.00000000000099999999999999997988664762925561536725284350612952266601496376097202301025390625}],"oracle_evaluations":7,"payload":{"claim_scope":"fixed_three_correspondence_teaching_instance","map_correction_norm":0.0038621712879999998968560959156093304045498371124267578125,"matrix":[-0.75269998658399994706513780329260043799877166748046875,-0.09978635918000000604166643825010396540164947509765625,0.65075756831499997900891685276292264461517333984375,0.63907866274400004780176232088706456124782562255859375,-0.348230758911000026767368353830534033477306365966796875,0.68579428502600003891842561642988584935665130615234375,0.1581808870310000003645001243057777173817157745361328125,0.93208262566699995321783944746130146086215972900390625,0.325884620544000025432751499465666711330413818359375],"strategy":"riemannian","target_matrix":[-0.8034921734780395841113431742996908724308013916015625,0.0088722872713982159353918177657760679721832275390625,0.59524919964508116176915564210503362119197845458984375,0.54604838149107559619466201183968223631381988525390625,-0.38730167190618425276937841772451065480709075927734375,0.742851654107097747470334070385433733463287353515625,0.2371318034986295286703494866742403246462345123291015625,0.92191035218032357789752495591528713703155517578125,0.3063491640469078181041595598799176514148712158203125],"update_norm":0.07391051281299999831109204251333721913397312164306640625},"points":[{"coordinates":[-0.75269998658399994706513780329260043799877166748046875,-0.09978635918000000604166643825010396540164947509765625,0.65075756831499997900891685276292264461517333984375,0.63907866274400004780176232088706456124782562255859375,-0.348230758911000026767368353830534033477306365966796875,0.68579428502600003891842561642988584935665130615234375,0.1581808870310000003645001243057777173817157745361328125,0.93208262566699995321783944746130146086215972900390625,0.325884620544000025432751499465666711330413818359375],"label_en":"Current rotation matrix","label_ja":"現在のrotation matrix","point_id":"rotation","role":"current","value":0.01881139797399999924465419098851270973682403564453125}],"vectors":[]},{"decision":"accepted","elapsed_steps":8,"elapsed_time_ms":8,"event_label_en":"Update on SO(3)","event_label_ja":"SO(3)上の更新","event_type":"update","explanation_key":"so3-riemannian-update","frame_index":8,"iteration":8,"keyframe":false,"metrics":[{"label_en":"objective value","label_ja":"目的関数値","metric_id":"objective_value","unit":"squared loss","value":0.00795502697700000045710755358641108614392578601837158203125},{"label_en":"geodesic residual","label_ja":"geodesic residual","metric_id":"geodesic_residual","unit":"radian","value":0.0892205476079999948435528267509653232991695404052734375},{"label_en":"orthogonality error","label_ja":"直交性残差","metric_id":"orthogonality_error","unit":"Frobenius norm","value":0.000000000003000000000000000141608334624345868287161043230781842794385738670825958251953125},{"label_en":"determinant error","label_ja":"determinant残差","metric_id":"determinant_error","unit":"absolute error","value":0}],"oracle_evaluations":8,"payload":{"claim_scope":"fixed_three_correspondence_teaching_instance","map_correction_norm":0.00163191037299999989855503468305641945335082709789276123046875,"matrix":[-0.7722959886619999991808072081767022609710693359375,-0.062171849319000001277135680766150471754372119903564453125,0.63221322910099997383071013246080838143825531005859375,0.60749369198400005043225746703683398663997650146484375,-0.3633046066639999960301565806730650365352630615234375,0.70637184044699996565697119876858778297901153564453125,0.18576953489699998822715087953838519752025604248046875,0.929593687547999980580470946733839809894561767578125,0.31834769666800000198492170966346748173236846923828125],"strategy":"riemannian","target_matrix":[-0.8034921734780395841113431742996908724308013916015625,0.0088722872713982159353918177657760679721832275390625,0.59524919964508116176915564210503362119197845458984375,0.54604838149107559619466201183968223631381988525390625,-0.38730167190618425276937841772451065480709075927734375,0.742851654107097747470334070385433733463287353515625,0.2371318034986295286703494866742403246462345123291015625,0.92191035218032357789752495591528713703155517578125,0.3063491640469078181041595598799176514148712158203125],"update_norm":0.048041833328000001224200588012536172755062580108642578125},"points":[{"coordinates":[-0.7722959886619999991808072081767022609710693359375,-0.062171849319000001277135680766150471754372119903564453125,0.63221322910099997383071013246080838143825531005859375,0.60749369198400005043225746703683398663997650146484375,-0.3633046066639999960301565806730650365352630615234375,0.70637184044699996565697119876858778297901153564453125,0.18576953489699998822715087953838519752025604248046875,0.929593687547999980580470946733839809894561767578125,0.31834769666800000198492170966346748173236846923828125],"label_en":"Current rotation matrix","label_ja":"現在のrotation matrix","point_id":"rotation","role":"current","value":0.00795502697700000045710755358641108614392578601837158203125}],"vectors":[]},{"decision":"accepted","elapsed_steps":9,"elapsed_time_ms":9,"event_label_en":"Update on SO(3)","event_label_ja":"SO(3)上の更新","event_type":"update","explanation_key":"so3-riemannian-update","frame_index":9,"iteration":9,"keyframe":false,"metrics":[{"label_en":"objective value","label_ja":"目的関数値","metric_id":"objective_value","unit":"squared loss","value":0.00336228683000000007352614517230904311873018741607666015625},{"label_en":"geodesic residual","label_ja":"geodesic residual","metric_id":"geodesic_residual","unit":"radian","value":0.057993355939999997883393945130592328496277332305908203125},{"label_en":"orthogonality error","label_ja":"直交性残差","metric_id":"orthogonality_error","unit":"Frobenius norm","value":0.000000000003999999999999999919546590517022461469011374024518090664059855043888092041015625},{"label_en":"determinant error","label_ja":"determinant残差","metric_id":"determinant_error","unit":"absolute error","value":0.00000000000099999999999999997988664762925561536725284350612952266601496376097202301025390625}],"oracle_evaluations":9,"payload":{"claim_scope":"fixed_three_correspondence_teaching_instance","map_correction_norm":0.00068950766099999997137126594992651007487438619136810302734375,"matrix":[-0.7839919783669999642228276570676825940608978271484375,-0.03746322972700000253354346568812616169452667236328125,0.619639479274999960267678034142591059207916259765625,0.5863838384549999727113345215911976993083953857421875,-0.372301521821999992223339859265252016484737396240234375,0.71940640172899994464472683830535970628261566162109375,0.2037414338180000006328640438368893228471279144287109375,0.927355424456000054789228670415468513965606689453125,0.313849239088999976132754454738460481166839599609375],"strategy":"riemannian","target_matrix":[-0.8034921734780395841113431742996908724308013916015625,0.0088722872713982159353918177657760679721832275390625,0.59524919964508116176915564210503362119197845458984375,0.54604838149107559619466201183968223631381988525390625,-0.38730167190618425276937841772451065480709075927734375,0.742851654107097747470334070385433733463287353515625,0.2371318034986295286703494866742403246462345123291015625,0.92191035218032357789752495591528713703155517578125,0.3063491640469078181041595598799176514148712158203125],"update_norm":0.0312271916630000000159039785785353160463273525238037109375},"points":[{"coordinates":[-0.7839919783669999642228276570676825940608978271484375,-0.03746322972700000253354346568812616169452667236328125,0.619639479274999960267678034142591059207916259765625,0.5863838384549999727113345215911976993083953857421875,-0.372301521821999992223339859265252016484737396240234375,0.71940640172899994464472683830535970628261566162109375,0.2037414338180000006328640438368893228471279144287109375,0.927355424456000054789228670415468513965606689453125,0.313849239088999976132754454738460481166839599609375],"label_en":"Current rotation matrix","label_ja":"現在のrotation matrix","point_id":"rotation","role":"current","value":0.00336228683000000007352614517230904311873018741607666015625}],"vectors":[]},{"decision":"accepted","elapsed_steps":10,"elapsed_time_ms":10,"event_label_en":"Update on SO(3)","event_label_ja":"SO(3)上の更新","event_type":"update","explanation_key":"so3-riemannian-update","frame_index":10,"iteration":10,"keyframe":false,"metrics":[{"label_en":"objective value","label_ja":"目的関数値","metric_id":"objective_value","unit":"squared loss","value":0.0014207961400000000858068194276029316824860870838165283203125},{"label_en":"geodesic residual","label_ja":"geodesic residual","metric_id":"geodesic_residual","unit":"radian","value":0.037695681373000000657924601910053752362728118896484375},{"label_en":"orthogonality error","label_ja":"直交性残差","metric_id":"orthogonality_error","unit":"Frobenius norm","value":0.000000000003999999999999999919546590517022461469011374024518090664059855043888092041015625},{"label_en":"determinant error","label_ja":"determinant残差","metric_id":"determinant_error","unit":"absolute error","value":0.00000000000099999999999999997988664762925561536725284350612952266601496376097202301025390625}],"oracle_evaluations":10,"payload":{"claim_scope":"fixed_three_correspondence_teaching_instance","map_correction_norm":0.00029132154499999997517012406689218551036901772022247314453125,"matrix":[-0.7911477735520000553748332094983197748661041259765625,-0.0213068273320000008130836732789248344488441944122314453125,0.611253809406000048198848162428475916385650634765625,0.5724292191930000495148078698548488318920135498046875,-0.37780597965700002394129342064843513071537017822265625,0.7277275800389999549366848441422916948795318603515625,0.215429778387000003814222282016999088227748870849609375,0.925639595547000038067153582233004271984100341796875,0.31109701017199997696849322892376221716403961181640625],"strategy":"riemannian","target_matrix":[-0.8034921734780395841113431742996908724308013916015625,0.0088722872713982159353918177657760679721832275390625,0.59524919964508116176915564210503362119197845458984375,0.54604838149107559619466201183968223631381988525390625,-0.38730167190618425276937841772451065480709075927734375,0.742851654107097747470334070385433733463287353515625,0.2371318034986295286703494866742403246462345123291015625,0.92191035218032357789752495591528713703155517578125,0.3063491640469078181041595598799176514148712158203125],"update_norm":0.02029767458099999977161331798924948088824748992919921875},"points":[{"coordinates":[-0.7911477735520000553748332094983197748661041259765625,-0.0213068273320000008130836732789248344488441944122314453125,0.611253809406000048198848162428475916385650634765625,0.5724292191930000495148078698548488318920135498046875,-0.37780597965700002394129342064843513071537017822265625,0.7277275800389999549366848441422916948795318603515625,0.215429778387000003814222282016999088227748870849609375,0.925639595547000038067153582233004271984100341796875,0.31109701017199997696849322892376221716403961181640625],"label_en":"Current rotation matrix","label_ja":"現在のrotation matrix","point_id":"rotation","role":"current","value":0.0014207961400000000858068194276029316824860870838165283203125}],"vectors":[]},{"decision":"accepted","elapsed_steps":11,"elapsed_time_ms":11,"event_label_en":"Update on SO(3)","event_label_ja":"SO(3)上の更新","event_type":"update","explanation_key":"so3-riemannian-update","frame_index":11,"iteration":11,"keyframe":false,"metrics":[{"label_en":"objective value","label_ja":"目的関数値","metric_id":"objective_value","unit":"squared loss","value":0.000600327421000000052871137246057742231641896069049835205078125},{"label_en":"geodesic residual","label_ja":"geodesic residual","metric_id":"geodesic_residual","unit":"radian","value":0.024502192892000000667973580448233406059443950653076171875},{"label_en":"orthogonality error","label_ja":"直交性残差","metric_id":"orthogonality_error","unit":"Frobenius norm","value":0.000000000004999999999999999697484846409699054650861704818254338533733971416950225830078125},{"label_en":"determinant error","label_ja":"determinant残差","metric_id":"determinant_error","unit":"absolute error","value":0}],"oracle_evaluations":11,"payload":{"claim_scope":"fixed_three_correspondence_teaching_instance","map_correction_norm":0.00012308416599999998986871008188614950995543040335178375244140625,"matrix":[-0.79560865408100001072710938387899659574031829833984375,-0.010768480231000000790775317227598861791193485260009765625,0.6057152048489999884850476519204676151275634765625,0.5632634507170000137676879603532142937183380126953125,-0.381237426217999997302143810884444974362850189208984375,0.73307046723900004536744745564647018909454345703125,0.223027250881000005389154239310300908982753753662109375,0.9244144442210000534032587893307209014892578125,0.309381286890999973593352478928864002227783203125],"strategy":"riemannian","target_matrix":[-0.8034921734780395841113431742996908724308013916015625,0.0088722872713982159353918177657760679721832275390625,0.59524919964508116176915564210503362119197845458984375,0.54604838149107559619466201183968223631381988525390625,-0.38730167190618425276937841772451065480709075927734375,0.742851654107097747470334070385433733463287353515625,0.2371318034986295286703494866742403246462345123291015625,0.92191035218032357789752495591528713703155517578125,0.3063491640469078181041595598799176514148712158203125],"update_norm":0.0131934884780000004356192988552720635198056697845458984375},"points":[{"coordinates":[-0.79560865408100001072710938387899659574031829833984375,-0.010768480231000000790775317227598861791193485260009765625,0.6057152048489999884850476519204676151275634765625,0.5632634507170000137676879603532142937183380126953125,-0.381237426217999997302143810884444974362850189208984375,0.73307046723900004536744745564647018909454345703125,0.223027250881000005389154239310300908982753753662109375,0.9244144442210000534032587893307209014892578125,0.309381286890999973593352478928864002227783203125],"label_en":"Current rotation matrix","label_ja":"現在のrotation matrix","point_id":"rotation","role":"current","value":0.000600327421000000052871137246057742231641896069049835205078125}],"vectors":[]},{"decision":"accepted","elapsed_steps":12,"elapsed_time_ms":12,"event_label_en":"Update on SO(3)","event_label_ja":"SO(3)上の更新","event_type":"update","explanation_key":"so3-riemannian-update","frame_index":12,"iteration":12,"keyframe":true,"metrics":[{"label_en":"objective value","label_ja":"目的関数値","metric_id":"objective_value","unit":"squared loss","value":0.00025364566399999999117553795002777405898086726665496826171875},{"label_en":"geodesic residual","label_ja":"geodesic residual","metric_id":"geodesic_residual","unit":"radian","value":0.01592642538999999857196598895825445652008056640625},{"label_en":"orthogonality error","label_ja":"直交性残差","metric_id":"orthogonality_error","unit":"Frobenius norm","value":0.000000000004999999999999999697484846409699054650861704818254338533733971416950225830078125},{"label_en":"determinant error","label_ja":"determinant残差","metric_id":"determinant_error","unit":"absolute error","value":0}],"oracle_evaluations":12,"payload":{"claim_scope":"fixed_three_correspondence_teaching_instance","map_correction_norm":0.0000520032049999999973900581540231513599792378954589366912841796875,"matrix":[-0.798427342334000034185237382189370691776275634765625,-0.0039040998280000000116018998852496224571950733661651611328125,0.6020785139980000533199699930264614522457122802734375,0.557266359006999945080451652756892144680023193359375,-0.383405647951000017048528434315812774002552032470703125,0.7365149789639999777790535517851822078227996826171875,0.2279648747720000034888698792201466858386993408203125,0.92357179857600002481632373019238002598285675048828125,0.30829717602399997478102022796520031988620758056640625],"strategy":"riemannian","target_matrix":[-0.8034921734780395841113431742996908724308013916015625,0.0088722872713982159353918177657760679721832275390625,0.59524919964508116176915564210503362119197845458984375,0.54604838149107559619466201183968223631381988525390625,-0.38730167190618425276937841772451065480709075927734375,0.742851654107097747470334070385433733463287353515625,0.2371318034986295286703494866742403246462345123291015625,0.92191035218032357789752495591528713703155517578125,0.3063491640469078181041595598799176514148712158203125],"update_norm":0.0085757675110000007590027593096237978897988796234130859375},"points":[{"coordinates":[-0.798427342334000034185237382189370691776275634765625,-0.0039040998280000000116018998852496224571950733661651611328125,0.6020785139980000533199699930264614522457122802734375,0.557266359006999945080451652756892144680023193359375,-0.383405647951000017048528434315812774002552032470703125,0.7365149789639999777790535517851822078227996826171875,0.2279648747720000034888698792201466858386993408203125,0.92357179857600002481632373019238002598285675048828125,0.30829717602399997478102022796520031988620758056640625],"label_en":"Current rotation matrix","label_ja":"現在のrotation matrix","point_id":"rotation","role":"current","value":0.00025364566399999999117553795002777405898086726665496826171875}],"vectors":[]}],"generator_id":"educational.so3_attitude.v1","generator_version":"1.0.1","implementation_id":null,"implementation_mapping_status":"not_applicable","initial_state":{"point":[1,0,0,0,1,0,0,0,1],"target_rotation":[-0.8034921734780395841113431742996908724308013916015625,0.0088722872713982159353918177657760679721832275390625,0.59524919964508116176915564210503362119197845458984375,0.54604838149107559619466201183968223631381988525390625,-0.38730167190618425276937841772451065480709075927734375,0.742851654107097747470334070385433733463287353515625,0.2371318034986295286703494866742403246462345123291015625,0.92191035218032357789752495591528713703155517578125,0.3063491640469078181041595598799176514148712158203125]},"method_id":"M_RIEMANNIAN_GRADIENT","objective":{"dimensions":9,"direction":"minimize","display_expression":"min 0.5 ||R-R_target||_F^2, R^T R=I, det(R)=1","display_range":{"geodesic_residual":[0,3.141592653589793115997963468544185161590576171875],"objective_value":[0,4],"oracle_evaluations":[0,12],"orthogonality_error":[0,0.00000000010000000000000000364321973154977415791655470655996396089904010295867919921875]},"domain":{"matrix_entry":[-1,1]},"family":"rotation_manifold_least_squares","generator_id":"problem.so3_attitude.fixed_3.v1","known_reference_status":"known_exact","optimum":{"point":[-0.8034921734780395841113431742996908724308013916015625,0.0088722872713982159353918177657760679721832275390625,0.59524919964508116176915564210503362119197845458984375,0.54604838149107559619466201183968223631381988525390