{"contract_version":"1.0.0","data_version":"1.0.0","dataset_version":"0.18.10","environment":{"runtime":"deterministic_educational","version":"1.0.1"},"evaluation_budget":12,"fairness_statement":"Both traces use the same target rotation, identity initialization, chordal objective, 0.35 step size, twelve updates, and diagnostics; only the feasibility strategy changes between ambient QR projection and a Lie-algebra exponential update.","frames":[{"decision":"not_applicable","elapsed_steps":0,"elapsed_time_ms":0,"event_label_en":"Initial rotation","event_label_ja":"初期rotation","event_type":"initialize","explanation_key":"so3-projected-start","frame_index":0,"iteration":0,"keyframe":true,"metrics":[{"label_en":"objective value","label_ja":"目的関数値","metric_id":"objective_value","unit":"squared loss","value":3.884444681336999938281451250077225267887115478515625},{"label_en":"geodesic residual","label_ja":"geodesic residual","metric_id":"geodesic_residual","unit":"radian","value":2.79999999999999982236431605997495353221893310546875},{"label_en":"orthogonality error","label_ja":"直交性残差","metric_id":"orthogonality_error","unit":"Frobenius norm","value":0},{"label_en":"determinant error","label_ja":"determinant残差","metric_id":"determinant_error","unit":"absolute error","value":0}],"oracle_evaluations":0,"payload":{"claim_scope":"fixed_three_correspondence_teaching_instance","map_correction_norm":0,"matrix":[1,0,0,0,1,0,0,0,1],"strategy":"projected","target_matrix":[-0.8034921734780395841113431742996908724308013916015625,0.0088722872713982159353918177657760679721832275390625,0.59524919964508116176915564210503362119197845458984375,0.54604838149107559619466201183968223631381988525390625,-0.38730167190618425276937841772451065480709075927734375,0.742851654107097747470334070385433733463287353515625,0.2371318034986295286703494866742403246462345123291015625,0.92191035218032357789752495591528713703155517578125,0.3063491640469078181041595598799176514148712158203125],"update_norm":0},"points":[{"coordinates":[1,0,0,0,1,0,0,0,1],"label_en":"Current rotation matrix","label_ja":"現在のrotation matrix","point_id":"rotation","role":"current","value":3.884444681336999938281451250077225267887115478515625}],"vectors":[]},{"decision":"accepted","elapsed_steps":1,"elapsed_time_ms":1,"event_label_en":"Update on SO(3)","event_label_ja":"SO(3)上の更新","event_type":"update","explanation_key":"so3-projected-update","frame_index":1,"iteration":1,"keyframe":true,"metrics":[{"label_en":"objective value","label_ja":"目的関数値","metric_id":"objective_value","unit":"squared loss","value":3.313338587839000037860159864067099988460540771484375},{"label_en":"geodesic residual","label_ja":"geodesic residual","metric_id":"geodesic_residual","unit":"radian","value":2.2871902135519999177404315560124814510345458984375},{"label_en":"orthogonality error","label_ja":"直交性残差","metric_id":"orthogonality_error","unit":"Frobenius norm","value":0.0000000000019999999999999999597732952585112307345056870122590453320299275219440460205078125},{"label_en":"determinant error","label_ja":"determinant残差","metric_id":"determinant_error","unit":"absolute error","value":0.00000000000099999999999999997988664762925561536725284350612952266601496376097202301025390625}],"oracle_evaluations":1,"payload":{"claim_scope":"fixed_three_correspondence_teaching_instance","map_correction_norm":1.1355430683120000256991488640778698027133941650390625,"matrix":[0.8706429552109999914222271399921737611293792724609375,-0.484577630799000014238941957955830730497837066650390625,0.08464847470700000153787101453417562879621982574462890625,0.45120568317400000513117674927343614399433135986328125,0.71813373027500004841527925236732698976993560791015625,-0.52980881166000004522942390394746325910091400146484375,0.195944573826000001393055072185234166681766510009765625,0.4994681823400000109103302747826091945171356201171875,0.84388225411899997485676294672884978353977203369140625],"strategy":"projected","target_matrix":[-0.8034921734780395841113431742996908724308013916015625,0.0088722872713982159353918177657760679721832275390625,0.59524919964508116176915564210503362119197845458984375,0.54604838149107559619466201183968223631381988525390625,-0.38730167190618425276937841772451065480709075927734375,0.742851654107097747470334070385433733463287353515625,0.2371318034986295286703494866742403246462345123291015625,0.92191035218032357789752495591528713703155517578125,0.3063491640469078181041595598799176514148712158203125],"update_norm":0.97554546123100005505790477400296367704868316650390625},"points":[{"coordinates":[0.8706429552109999914222271399921737611293792724609375,-0.484577630799000014238941957955830730497837066650390625,0.08464847470700000153787101453417562879621982574462890625,0.45120568317400000513117674927343614399433135986328125,0.71813373027500004841527925236732698976993560791015625,-0.52980881166000004522942390394746325910091400146484375,0.195944573826000001393055072185234166681766510009765625,0.4994681823400000109103302747826091945171356201171875,0.84388225411899997485676294672884978353977203369140625],"label_en":"Current rotation matrix","label_ja":"現在のrotation matrix","point_id":"rotation","role":"current","value":3.313338587839000037860159864067099988460540771484375}],"vectors":[]},{"decision":"accepted","elapsed_steps":2,"elapsed_time_ms":2,"event_label_en":"Update on SO(3)","event_label_ja":"SO(3)上の更新","event_type":"update","explanation_key":"so3-projected-update","frame_index":2,"iteration":2,"keyframe":false,"metrics":[{"label_en":"objective value","label_ja":"目的関数値","metric_id":"objective_value","unit":"squared loss","value":2.12840888527999982926530719851143658161163330078125},{"label_en":"geodesic residual","label_ja":"geodesic residual","metric_id":"geodesic_residual","unit":"radian","value":1.6350449621650000597838925386895425617694854736328125},{"label_en":"orthogonality error","label_ja":"直交性残差","metric_id":"orthogonality_error","unit":"Frobenius norm","value":0.00000000000099999999999999997988664762925561536725284350612952266601496376097202301025390625},{"label_en":"determinant error","label_ja":"determinant残差","metric_id":"determinant_error","unit":"absolute error","value":0.00000000000099999999999999997988664762925561536725284350612952266601496376097202301025390625}],"oracle_evaluations":2,"payload":{"claim_scope":"fixed_three_correspondence_teaching_instance","map_correction_norm":0.84616252522099999477944720638333819806575775146484375,"matrix":[0.474527724870999978445951228422927670180797576904296875,-0.669514639425000002148635758203454315662384033203125,0.5714661721620000189858501471462659537792205810546875,0.80739385910100003318490280435071326792240142822265625,0.07245619702599999378822559492618893273174762725830078125,-0.585546971470999988440553352120332419872283935546875,0.350626003906999994530480080356937833130359649658203125,0.73925655026399994529384684938122518360614776611328125,0.57494448277700005434098784462548792362213134765625],"strategy":"projected","target_matrix":[-0.8034921734780395841113431742996908724308013916015625,0.0088722872713982159353918177657760679721832275390625,0.59524919964508116176915564210503362119197845458984375,0.54604838149107559619466201183968223631381988525390625,-0.38730167190618425276937841772451065480709075927734375,0.742851654107097747470334070385433733463287353515625,0.2371318034986295286703494866742403246462345123291015625,0.92191035218032357789752495591528713703155517578125,0.3063491640469078181041595598799176514148712158203125],"update_norm":0.90098166131199997064271656199707649648189544677734375},"points":[{"coordinates":[0.474527724870999978445951228422927670180797576904296875,-0.669514639425000002148635758203454315662384033203125,0.5714661721620000189858501471462659537792205810546875,0.80739385910100003318490280435071326792240142822265625,0.07245619702599999378822559492618893273174762725830078125,-0.585546971470999988440553352120332419872283935546875,0.350626003906999994530480080356937833130359649658203125,0.73925655026399994529384684938122518360614776611328125,0.57494448277700005434098784462548792362213134765625],"label_en":"Current rotation matrix","label_ja":"現在のrotation matrix","point_id":"rotation","role":"current","value":2.12840888527999982926530719851143658161163330078125}],"vectors":[]},{"decision":"accepted","elapsed_steps":3,"elapsed_time_ms":3,"event_label_en":"Update on SO(3)","event_label_ja":"SO(3)上の更新","event_type":"update","explanation_key":"so3-projected-update","frame_index":3,"iteration":3,"keyframe":false,"metrics":[{"label_en":"objective value","label_ja":"目的関数値","metric_id":"objective_value","unit":"squared loss","value":1.08353687067400006327488881652243435382843017578125},{"label_en":"geodesic residual","label_ja":"geodesic residual","metric_id":"geodesic_residual","unit":"radian","value":1.0947917662349999634585628882632590830326080322265625},{"label_en":"orthogonality error","label_ja":"直交性残差","metric_id":"orthogonality_error","unit":"Frobenius norm","value":0.0000000000019999999999999999597732952585112307345056870122590453320299275219440460205078125},{"label_en":"determinant error","label_ja":"determinant残差","metric_id":"determinant_error","unit":"absolute error","value":0}],"oracle_evaluations":3,"payload":{"claim_scope":"fixed_three_correspondence_teaching_instance","map_correction_norm":0.453812363848999977822273876881808973848819732666015625,"matrix":[0.03485411727499999889889892301653162576258182525634765625,-0.495010233359000018094064898832584731280803680419921875,0.8681878019069999563583905910491012036800384521484375,0.91668497743900001495376272941939532756805419921875,-0.3302003452430000152162392623722553253173828125,-0.2250697317239999939442185450388933531939983367919921875,0.39808773234799998963495681891799904406070709228515625,0.8036993224280000180925753738847561180591583251953125,0.4422596030409999823262978679849766194820404052734375],"strategy":"projected","target_matrix":[-0.8034921734780395841113431742996908724308013916015625,0.0088722872713982159353918177657760679721832275390625,0.59524919964508116176915564210503362119197845458984375,0.54604838149107559619466201183968223631381988525390625,-0.38730167190618425276937841772451065480709075927734375,0.742851654107097747470334070385433733463287353515625,0.2371318034986295286703494866742403246462345123291015625,0.92191035218032357789752495591528713703155517578125,0.3063491640469078181041595598799176514148712158203125],"update_norm":0.722121995851999987081626386498101055622100830078125},"points":[{"coordinates":[0.03485411727499999889889892301653162576258182525634765625,-0.495010233359000018094064898832584731280803680419921875,0.8681878019069999563583905910491012036800384521484375,0.91668497743900001495376272941939532756805419921875,-0.3302003452430000152162392623722553253173828125,-0.2250697317239999939442185450388933531939983367919921875,0.39808773234799998963495681891799904406070709228515625,0.8036993224280000180925753738847561180591583251953125,0.4422596030409999823262978679849766194820404052734375],"label_en":"Current rotation matrix","label_ja":"現在のrotation matrix","point_id":"rotation","role":"current","value":1.08353687067400006327488881652243435382843017578125}],"vectors":[]},{"decision":"accepted","elapsed_steps":4,"elapsed_time_ms":4,"event_label_en":"Update on SO(3)","event_label_ja":"SO(3)上の更新","event_type":"update","explanation_key":"so3-projected-update","frame_index":4,"iteration":4,"keyframe":true,"metrics":[{"label_en":"objective value","label_ja":"目的関数値","metric_id":"objective_value","unit":"squared loss","value":0.4949966063299999774471871205605566501617431640625},{"label_en":"geodesic residual","label_ja":"geodesic residual","metric_id":"geodesic_residual","unit":"radian","value":0.718943883397999972117986544617451727390289306640625},{"label_en":"orthogonality error","label_ja":"直交性残差","metric_id":"orthogonality_error","unit":"Frobenius norm","value":0.00000000000099999999999999997988664762925561536725284350612952266601496376097202301025390625},{"label_en":"determinant error","label_ja":"determinant残差","metric_id":"determinant_error","unit":"absolute error","value":0}],"oracle_evaluations":4,"payload":{"claim_scope":"fixed_three_correspondence_teaching_instance","map_correction_norm":0.2061502499229999896268594739012769423425197601318359375,"matrix":[-0.288553168005000026941075930153601802885532379150390625,-0.298991955495000016895801309146918356418609619140625,0.90958280534699997854630737492698244750499725341796875,0.87822635032100004881527866018586792051792144775390625,-0.46106078185499999033680751381325535476207733154296875,0.12704893953800000527820657225674949586391448974609375,0.38138634851899999578250799459055997431278228759765625,0.83547996145000003043179503947612829506397247314453125,0.395623163097000019039484186578192748129367828369140625],"strategy":"projected","target_matrix":[-0.8034921734780395841113431742996908724308013916015625,0.0088722872713982159353918177657760679721832275390625,0.59524919964508116176915564210503362119197845458984375,0.54604838149107559619466201183968223631381988525390625,-0.38730167190618425276937841772451065480709075927734375,0.742851654107097747470334070385433733463287353515625,0.2371318034986295286703494866742403246462345123291015625,0.92191035218032357789752495591528713703155517578125,0.3063491640469078181041595598799176514148712158203125],"update_norm":0.51523444500100001874898225651122629642486572265625},"points":[{"coordinates":[-0.288553168005000026941075930153601802885532379150390625,-0.298991955495000016895801309146918356418609619140625,0.90958280534699997854630737492698244750499725341796875,0.87822635032100004881527866018586792051792144775390625,-0.46106078185499999033680751381325535476207733154296875,0.12704893953800000527820657225674949586391448974609375,0.38138634851899999578250799459055997431278228759765625,0.83547996145000003043179503947612829506397247314453125,0.395623163097000019039484186578192748129367828369140625],"label_en":"Current rotation matrix","label_ja":"現在のrotation matrix","point_id":"rotation","role":"current","value":0.4949966063299999774471871205605566501617431640625}],"vectors":[]},{"decision":"accepted","elapsed_steps":5,"elapsed_time_ms":5,"event_label_en":"Update on SO(3)","event_label_ja":"SO(3)上の更新","event_type":"update","explanation_key":"so3-projected-update","frame_index":5,"iteration":5,"keyframe":false,"metrics":[{"label_en":"objective value","label_ja":"目的関数値","metric_id":"objective_value","unit":"squared loss","value":0.21618089080100000298756413030787371098995208740234375},{"label_en":"geodesic residual","label_ja":"geodesic residual","metric_id":"geodesic_residual","unit":"radian","value":0.4692459035570000214221408896264620125293731689453125},{"label_en":"orthogonality error","label_ja":"直交性残差","metric_id":"orthogonality_error","unit":"Frobenius norm","value":0.00000000000099999999999999997988664762925561536725284350612952266601496376097202301025390625},{"label_en":"determinant error","label_ja":"determinant残差","metric_id":"determinant_error","unit":"absolute error","value":0}],"oracle_evaluations":5,"payload":{"claim_scope":"fixed_three_correspondence_teaching_instance","map_correction_norm":0.08923130060599999968662388027951237745583057403564453125,"matrix":[-0.49146045331400001199284588437876664102077484130859375,-0.17061449902100001008165008897776715457439422607421875,0.85402418909099997446077168206102214753627777099609375,0.7988262066239999459327236763783730566501617431640625,-0.478923317760000022413890974348760209977626800537109375,0.364018059052999998215227606124244630336761474609375,0.3469053393059999823577754796133376657962799072265625,0.8611173836529999459088458024780265986919403076171875,0.371663203897000027353669793228618800640106201171875],"strategy":"projected","target_matrix":[-0.8034921734780395841113431742996908724308013916015625,0.0088722872713982159353918177657760679721832275390625,0.59524919964508116176915564210503362119197845458984375,0.54604838149107559619466201183968223631381988525390625,-0.38730167190618425276937841772451065480709075927734375,0.742851654107097747470334070385433733463287353515625,0.2371318034986295286703494866742403246462345123291015625,0.92191035218032357789752495591528713703155517578125,0.3063491640469078181041595598799176514148712158203125],"update_norm":0.348244409217000006062647798898979090154170989990234375},"points":[{"coordinates":[-0.49146045331400001199284588437876664102077484130859375,-0.17061449902100001008165008897776715457439422607421875,0.85402418909099997446077168206102214753627777099609375,0.7988262066239999459327236763783730566501617431640625,-0.478923317760000022413890974348760209977626800537109375,0.364018059052999998215227606124244630336761474609375,0.3469053393059999823577754796133376657962799072265625,0.8611173836529999459088458024780265986919403076171875,0.371663203897000027353669793228618800640106201171875],"label_en":"Current rotation matrix","label_ja":"現在のrotation matrix","point_id":"rotation","role":"current","value":0.21618089080100000298756413030787371098995208740234375}],"vectors":[]},{"decision":"accepted","elapsed_steps":6,"elapsed_time_ms":6,"event_label_en":"Update on SO(3)","event_label_ja":"SO(3)上の更新","event_type":"update","explanation_key":"so3-projected-update","frame_index":6,"iteration":6,"keyframe":false,"metrics":[{"label_en":"objective value","label_ja":"目的関数値","metric_id":"objective_value","unit":"squared loss","value":0.09264683024599999761061752678870107047259807586669921875},{"label_en":"geodesic residual","label_ja":"geodesic residual","metric_id":"geodesic_residual","unit":"radian","value":0.30556682762499998151639601928764022886753082275390625},{"label_en":"orthogonality error","label_ja":"直交性残差","metric_id":"orthogonality_error","unit":"Frobenius norm","value":0.00000000000099999999999999997988664762925561536725284350612952266601496376097202301025390625},{"label_en":"determinant error","label_ja":"determinant残差","metric_id":"determinant_error","unit":"absolute error","value":0}],"oracle_evaluations":6,"payload":{"claim_scope":"fixed_three_correspondence_teaching_instance","map_correction_norm":0.03806822688000000010077883416670374572277069091796875,"matrix":[-0.6128753357820000413624939028522931039333343505859375,-0.0960871690550000046027179223528946749866008758544921875,0.7843156754350000259279340752982534468173980712890625,0.724786154201999988089255566592328250408172607421875,-0.463732753903000005646362069455790333449840545654296875,0.5095458405630000076058649938204325735569000244140625,0.31475205077500001404899876433773897588253021240234375,0.8807492202100000167064308698172681033611297607421875,0.353853016989000013214905493441619910299777984619140625],"strategy":"projected","target_matrix":[-0.8034921734780395841113431742996908724308013916015625,0.0088722872713982159353918177657760679721832275390625,0.59524919964508116176915564210503362119197845458984375,0.54604838149107559619466201183968223631381988525390625,-0.38730167190618425276937841772451065480709075927734375,0.742851654107097747470334070385433733463287353515625,0.2371318034986295286703494866742403246462345123291015625,0.92191035218032357789752495591528713703155517578125,0.3063491640469078181041595598799176514148712158203125],"update_norm":0.2301397797999999994544850778765976428985595703125},"points":[{"coordinates":[-0.6128753357820000413624939028522931039333343505859375,-0.0960871690550000046027179223528946749866008758544921875,0.7843156754350000259279340752982534468173980712890625,0.724786154201999988089255566592328250408172607421875,-0.463732753903000005646362069455790333449840545654296875,0.5095458405630000076058649938204325735569000244140625,0.31475205077500001404899876433773897588253021240234375,0.8807492202100000167064308698172681033611297607421875,0.353853016989000013214905493441619910299777984619140625],"label_en":"Current rotation matrix","label_ja":"現在のrotation matrix","point_id":"rotation","role":"current","value":0.09264683024599999761061752678870107047259807586669921875}],"vectors":[]},{"decision":"accepted","elapsed_steps":7,"elapsed_time_ms":7,"event_label_en":"Update on SO(3)","event_label_ja":"SO(3)上の更新","event_type":"update","explanation_key":"so3-projected-update","frame_index":7,"iteration":7,"keyframe":false,"metrics":[{"label_en":"objective value","label_ja":"目的関数値","metric_id":"objective_value","unit":"squared loss","value":0.03938708441299999807316822852953919209539890289306640625},{"label_en":"geodesic residual","label_ja":"geodesic residual","metric_id":"geodesic_residual","unit":"radian","value":0.198788948876999993498060348429135046899318695068359375},{"label_en":"orthogonality error","label_ja":"直交性残差","metric_id":"orthogonality_error","unit":"Frobenius norm","value":0.00000000000099999999999999997988664762925561536725284350612952266601496376097202301025390625},{"label_en":"determinant error","label_ja":"determinant残差","metric_id":"determinant_error","unit":"absolute error","value":0}],"oracle_evaluations":7,"payload":{"claim_scope":"fixed_three_correspondence_teaching_instance","map_correction_norm":0.0161544920879999991114583934859183500520884990692138671875,"matrix":[-0.68540928010799995195867495567654259502887725830078125,-0.053669368160000001377607503627586993388831615447998046875,0.7261774698120000426371234425459988415241241455078125,0.66789733591099997855877745678299106657505035400390625,-0.44358405575299997281035757623612880706787109375,0.59761721374599996448040428731474094092845916748046875,0.290047008991999977212117300950922071933746337890625,0.89462438174000002977237500090268440544605255126953125,0.33988225633500002142994844689383171498775482177734375],"strategy":"projected","target_matrix":[-0.8034921734780395841113431742996908724308013916015625,0.0088722872713982159353918177657760679721832275390625,0.59524919964508116176915564210503362119197845458984375,0.54604838149107559619466201183968223631381988525390625,-0.38730167190618425276937841772451065480709075927734375,0.742851654107097747470334070385433733463287353515625,0.2371318034986295286703494866742403246462345123291015625,0.92191035218032357789752495591528713703155517578125,0.3063491640469078181041595598799176514148712158203125],"update_norm":0.1506601254820000013179281950215226970613002777099609375},"points":[{"coordinates":[-0.68540928010799995195867495567654259502887725830078125,-0.053669368160000001377607503627586993388831615447998046875,0.7261774698120000426371234425459988415241241455078125,0.66789733591099997855877745678299106657505035400390625,-0.44358405575299997281035757623612880706787109375,0.59761721374599996448040428731474094092845916748046875,0.290047008991999977212117300950922071933746337890625,0.89462438174000002977237500090268440544605255126953125,0.33988225633500002142994844689383171498775482177734375],"label_en":"Current rotation matrix","label_ja":"現在のrotation matrix","point_id":"rotation","role":"current","value":0.03938708441299999807316822852953919209539890289306640625}],"vectors":[]},{"decision":"accepted","elapsed_steps":8,"elapsed_time_ms":8,"event_label_en":"Update on SO(3)","event_label_ja":"SO(3)上の更新","event_type":"update","explanation_key":"so3-projected-update","frame_index":8,"iteration":8,"keyframe":false,"metrics":[{"label_en":"objective value","label_ja":"目的関数値","metric_id":"objective_value","unit":"squared loss","value":0.0166868998759999997982816921648918651044368743896484375},{"label_en":"geodesic residual","label_ja":"geodesic residual","metric_id":"geodesic_residual","unit":"radian","value":0.1292677687159999866395310164080001413822174072265625},{"label_en":"orthogonality error","label_ja":"直交性残差","metric_id":"orthogonality_error","unit":"Frobenius norm","value":0.00000000000099999999999999997988664762925561536725284350612952266601496376097202301025390625},{"label_en":"determinant error","label_ja":"determinant残差","metric_id":"determinant_error","unit":"absolute error","value":0}],"oracle_evaluations":8,"payload":{"claim_scope":"fixed_three_correspondence_teaching_instance","map_correction_norm":0.00683982763399999978137788758658643928356468677520751953125,"matrix":[-0.7293639506989999521380241276347078382968902587890625,-0.0291936335769999999456558725796639919281005859375,0.68350271336599999205674293989432044327259063720703125,0.6275091899420000007836506483727134764194488525390625,-0.4265152292020000235339693972491659224033355712890625,0.65139617422700002435931310174055397510528564453125,0.27250769522800000199680425794213078916072845458984375,0.9040091210920000452944123026099987328052520751953125,0.3294041059610000043988975448883138597011566162109375],"strategy":"projected","target_matrix":[-0.8034921734780395841113431742996908724308013916015625,0.0088722872713982159353918177657760679721832275390625,0.59524919964508116176915564210503362119197845458984375,0.54604838149107559619466201183968223631381988525390625,-0.38730167190618425276937841772451065480709075927734375,0.742851654107097747470334070385433733463287353515625,0.2371318034986295286703494866742403246462345123291015625,0.92191035218032357789752495591528713703155517578125,0.3063491640469078181041595598799176514148712158203125],"update_norm":0.09823357715699999881397985745934420265257358551025390625},"points":[{"coordinates":[-0.7293639506989999521380241276347078382968902587890625,-0.0291936335769999999456558725796639919281005859375,0.68350271336599999205674293989432044327259063720703125,0.6275091899420000007836506483727134764194488525390625,-0.4265152292020000235339693972491659224033355712890625,0.65139617422700002435931310174055397510528564453125,0.27250769522800000199680425794213078916072845458984375,0.9040091210920000452944123026099987328052520751953125,0.3294041059610000043988975448883138597011566162109375],"label_en":"Current rotation matrix","label_ja":"現在のrotation matrix","point_id":"rotation","role":"current","value":0.0166868998759999997982816921648918651044368743896484375}],"vectors":[]},{"decision":"accepted","elapsed_steps":9,"elapsed_time_ms":9,"event_label_en":"Update on SO(3)","event_label_ja":"SO(3)上の更新","event_type":"update","explanation_key":"so3-projected-update","frame_index":9,"iteration":9,"keyframe":false,"metrics":[{"label_en":"objective value","label_ja":"目的関数値","metric_id":"objective_value","unit":"squared loss","value":0.007059011393000000182673669968380636419169604778289794921875},{"label_en":"geodesic residual","label_ja":"geodesic residual","metric_id":"geodesic_residual","unit":"radian","value":0.08404265450200000542313460982768447138369083404541015625},{"label_en":"orthogonality error","label_ja":"直交性残差","metric_id":"orthogonality_error","unit":"Frobenius norm","value":0.0000000000019999999999999999597732952585112307345056870122590453320299275219440460205078125},{"label_en":"determinant error","label_ja":"determinant残差","metric_id":"determinant_error","unit":"absolute error","value":0}],"oracle_evaluations":9,"payload":{"claim_scope":"fixed_three_correspondence_teaching_instance","map_correction_norm":0.0028929971110000000066031500267627052380703389644622802734375,"matrix":[-0.75646122032100004961563399774604476988315582275390625,-0.01473004674899999928705529583794486825354397296905517578125,0.65387265417200002293185434609767980873584747314453125,0.59991181154799999575288893538527190685272216796875,-0.413855571423999979430163875804282724857330322265625,0.68471116857100000618885360381682403385639190673828125,0.26052301340799999262998198901186697185039520263671875,0.9102233746310000039869692045613192021846771240234375,0.321902419626000024788226028249482624232769012451171875],"strategy":"projected","target_matrix":[-0.8034921734780395841113431742996908724308013916015625,0.0088722872713982159353918177657760679721832275390625,0.59524919964508116176915564210503362119197845458984375,0.54604838149107559619466201183968223631381988525390625,-0.38730167190618425276937841772451065480709075927734375,0.742851654107097747470334070385433733463287353515625,0.2371318034986295286703494866742403246462345123291015625,0.92191035218032357789752495591528713703155517578125,0.3063491640469078181041595598799176514148712158203125],"update_norm":0.0639397409259999938146989961751387454569339752197265625},"points":[{"coordinates":[-0.75646122032100004961563399774604476988315582275390625,-0.01473004674899999928705529583794486825354397296905517578125,0.65387265417200002293185434609767980873584747314453125,0.59991181154799999575288893538527190685272216796875,-0.413855571423999979430163875804282724857330322265625,0.68471116857100000618885360381682403385639190673828125,0.26052301340799999262998198901186697185039520263671875,0.9102233746310000039869692045613192021846771240234375,0.321902419626000024788226028249482624232769012451171875],"label_en":"Current rotation matrix","label_ja":"現在のrotation matrix","point_id":"rotation","role":"current","value":0.007059011393000000182673669968380636419169604778289794921875}],"vectors":[]},{"decision":"accepted","elapsed_steps":10,"elapsed_time_ms":10,"event_label_en":"Update on SO(3)","event_label_ja":"SO(3)上の更新","event_type":"update","explanation_key":"so3-projected-update","frame_index":10,"iteration":10,"keyframe":false,"metrics":[{"label_en":"objective value","label_ja":"目的関数値","metric_id":"objective_value","unit":"squared loss","value":0.00298416745400000016363861732315854169428348541259765625},{"label_en":"geodesic residual","label_ja":"geodesic residual","metric_id":"geodesic_residual","unit":"radian","value":0.054634328527000002029279102089276420883834362030029296875},{"label_en":"orthogonality error","label_ja":"直交性残差","metric_id":"orthogonality_error","unit":"Frobenius norm","value":0.00000000000099999999999999997988664762925561536725284350612952266601496376097202301025390625},{"label_en":"determinant error","label_ja":"determinant残差","metric_id":"determinant_error","unit":"absolute error","value":0.00000000000099999999999999997988664762925561536725284350612952266601496376097202301025390625}],"oracle_evaluations":10,"payload":{"claim_scope":"fixed_three_correspondence_teaching_instance","map_correction_norm":0.00122301678000000008279812835354505295981653034687042236328125,"matrix":[-0.7734201904849999920088521321304142475128173828125,-0.005974784040999999747134641125967391417361795902252197265625,0.63386553061799999486680690097273327410221099853515625,0.58143409514800004078693973497138358652591705322265625,-0.4049986591290000159659712153370492160320281982421875,0.7056277199089999729864075561636127531528472900390625,0.252498716728000005549148454520036466419696807861328125,0.9142977567840000485688278786255978047847747802734375,0.316708083242000004720040351458010263741016387939453125],"strategy":"projected","target_matrix":[-0.8034921734780395841113431742996908724308013916015625,0.0088722872713982159353918177657760679721832275390625,0.59524919964508116176915564210503362119197845458984375,0.54604838149107559619466201183968223631381988525390625,-0.38730167190618425276937841772451065480709075927734375,0.742851654107097747470334070385433733463287353515625,0.2371318034986295286703494866742403246462345123291015625,0.92191035218032357789752495591528713703155517578125,0.3063491640469078181041595598799176514148712158203125],"update_norm":0.041586750190000000559908954755883314646780490875244140625},"points":[{"coordinates":[-0.7734201904849999920088521321304142475128173828125,-0.005974784040999999747134641125967391417361795902252197265625,0.63386553061799999486680690097273327410221099853515625,0.58143409514800004078693973497138358652591705322265625,-0.4049986591290000159659712153370492160320281982421875,0.7056277199089999729864075561636127531528472900390625,0.252498716728000005549148454520036466419696807861328125,0.9142977567840000485688278786255978047847747802734375,0.316708083242000004720040351458010263741016387939453125],"label_en":"Current rotation matrix","label_ja":"現在のrotation matrix","point_id":"rotation","role":"current","value":0.00298416745400000016363861732315854169428348541259765625}],"vectors":[]},{"decision":"accepted","elapsed_steps":11,"elapsed_time_ms":11,"event_label_en":"Update on SO(3)","event_label_ja":"SO(3)上の更新","event_type":"update","explanation_key":"so3-projected-update","frame_index":11,"iteration":11,"keyframe":false,"metrics":[{"label_en":"objective value","label_ja":"目的関数値","metric_id":"objective_value","unit":"squared loss","value":0.00126116554600000005913196243767515625222586095333099365234375},{"label_en":"geodesic residual","label_ja":"geodesic residual","metric_id":"geodesic_residual","unit":"radian","value":0.035514759084000001310155170131110935471951961517333984375},{"label_en":"orthogonality error","label_ja":"直交性残差","metric_id":"orthogonality_error","unit":"Frobenius norm","value":0.0000000000019999999999999999597732952585112307345056870122590453320299275219440460205078125},{"label_en":"determinant error","label_ja":"determinant残差","metric_id":"determinant_error","unit":"absolute error","value":0}],"oracle_evaluations":11,"payload":{"claim_scope":"fixed_three_correspondence_teaching_instance","map_correction_norm":0.000516898103000000032347660550158252590335905551910400390625,"matrix":[-0.7841588302080000350002819686778821051120758056640625,-0.000566054474000000028797996431961792040965519845485687255859375,0.620559915390999972117924698977731168270111083984375,0.5692040309929999875038220125134103000164031982421875,-0.398985676048999982068465897100395523011684417724609375,0.718899994023999955317094645579345524311065673828125,0.247187580813999996376395529296132735908031463623046875,0.91695698366400002488063591954414732754230499267578125,0.313190341488999990371411286105285398662090301513671875],"strategy":"projected","target_matrix":[-0.8034921734780395841113431742996908724308013916015625,0.0088722872713982159353918177657760679721832275390625,0.59524919964508116176915564210503362119197845458984375,0.54604838149107559619466201183968223631381988525390625,-0.38730167190618425276937841772451065480709075927734375,0.742851654107097747470334070385433733463287353515625,0.2371318034986295286703494866742403246462345123291015625,0.92191035218032357789752495591528713703155517578125,0.3063491640469078181041595598799176514148712158203125],"update_norm":0.027039249734999999674744941557946731336414813995361328125},"points":[{"coordinates":[-0.7841588302080000350002819686778821051120758056640625,-0.000566054474000000028797996431961792040965519845485687255859375,0.620559915390999972117924698977731168270111083984375,0.5692040309929999875038220125134103000164031982421875,-0.398985676048999982068465897100395523011684417724609375,0.718899994023999955317094645579345524311065673828125,0.247187580813999996376395529296132735908031463623046875,0.91695698366400002488063591954414732754230499267578125,0.313190341488999990371411286105285398662090301513671875],"label_en":"Current rotation matrix","label_ja":"現在のrotation matrix","point_id":"rotation","role":"current","value":0.00126116554600000005913196243767515625222586095333099365234375}],"vectors":[]},{"decision":"accepted","elapsed_steps":12,"elapsed_time_ms":12,"event_label_en":"Update on SO(3)","event_label_ja":"SO(3)上の更新","event_type":"update","explanation_key":"so3-projected-update","frame_index":12,"iteration":12,"keyframe":true,"metrics":[{"label_en":"objective value","label_ja":"目的関数値","metric_id":"objective_value","unit":"squared loss","value":0.00053291812899999998175137871925244326121173799037933349609375},{"label_en":"geodesic residual","label_ja":"geodesic residual","metric_id":"geodesic_residual","unit":"radian","value":0.023085532233999998819040655462231370620429515838623046875},{"label_en":"orthogonality error","label_ja":"直交性残差","metric_id":"orthogonality_error","unit":"Frobenius norm","value":0.00000000000099999999999999997988664762925561536725284350612952266601496376097202301025390625},{"label_en":"determinant error","label_ja":"determinant残差","metric_id":"determinant_error","unit":"absolute error","value":0.00000000000099999999999999997988664762925561536725284350612952266601496376097202301025390625}],"oracle_evaluations":12,"payload":{"claim_scope":"fixed_three_correspondence_teaching_instance","map_correction_norm":0.0002184325170000000061569511711212498994427733123302459716796875,"matrix":[-0.7910164807499999728435113865998573601245880126953125,0.0028279443969999999188014161433102344744838774204254150390625,0.61178830481799995055780527763999998569488525390625,0.561164097116999993630770404706709086894989013671875,-0.39497171715599999064494340927922166883945465087890625,0.72738724126400000624670383331249468028545379638671875,0.2436960879629999909834481286452501080930233001708984375,0.918688927427000034953152862726710736751556396484375,0.31084219683600000649903449811972677707672119140625],"strategy":"projected","target_matrix":[-0.8034921734780395841113431742996908724308013916015625,0.0088722872713982159353918177657760679721832275390625,0.59524919964508116176915564210503362119197845458984375,0.54604838149107559619466201183968223631381988525390625,-0.38730167190618425276937841772451065480709075927734375,0.742851654107097747470334070385433733463287353515625,0.2371318034986295286703494866742403246462345123291015625,0.92191035218032357789752495591528713703155517578125,0.3063491640469078181041595598799176514148712158203125],"update_norm":0.0175779850590000001619994662860335665754973888397216796875},"points":[{"coordinates":[-0.7910164807499999728435113865998573601245880126953125,0.0028279443969999999188014161433102344744838774204254150390625,0.61178830481799995055780527763999998569488525390625,0.561164097116999993630770404706709086894989013671875,-0.39497171715599999064494340927922166883945465087890625,0.72738724126400000624670383331249468028545379638671875,0.2436960879629999909834481286452501080930233001708984375,0.918688927427000034953152862726710736751556396484375,0.31084219683600000649903449811972677707672119140625],"label_en":"Current rotation matrix","label_ja":"現在のrotation matrix","point_id":"rotation","role":"current","value":0.00053291812899999998175137871925244326121173799037933349609375}],"vectors":[]}],"generator_id":"educational.so3_attitude.v1","generator_version":"1.0.1","implementation_id":null,"implementation_mapping_status":"not_applicable","initial_state":{"point":[1,0,0,0,1,0,0,0,1],"target_rotation":[-0.8034921734780395841113431742996908724308013916015625,0.0088722872713982159353918177657760679721832275390625,0.59524919964508116176915564210503362119197845458984375,0.54604838149107559619466201183968223631381988525390625,-0.38730167190618425276937841772451065480709075927734375,0.742851654107097747470334070385433733463287353515625,0.2371318034986295286703494866742403246462345123291015625,0.92191035218032357789752495591528713703155517578125,0.3063491640469078181041595598799176514148712158203125]},"method_id":"M_PROJECTED_GRADIENT","objective":{"dimensions":9,"direction":"minimize","display_expression":"min 0.5 ||R-R_target||_F^2, R^T R=I, det(R)=1","display_range":{"geodesic_residual":[0,3.141592653589793115997963468544185161590576171875],"objective_value":[0,4],"oracle_evaluations":[0,12],"orthogonality_error":[0,0.00000000010000000000000000364321973154977415791655470655996396089904010295867919921875]},"domain":{"matrix_entry":[-1,1]},"family":"rotation_manifold_least_squares","generator_id":"problem.so3_attitude.fixed_3.v1","known_reference_status":"known_exact","optimum":{"point":[-0.8034921734780395841113431742996908724308013916015625,0.0088722872713982159353918177657760679721832275390625,0.59524919964508116176915564210503362119197845458984375,0.54604838149107559619466201183968223631381988525390625,-0.38730167190618425276937841772451065480709075927734375,0.742851654107097747470334070385433733463287353515625,0.2371318034986295286703494866742403246462345123291015625,0.92191035218032357789752495591528713703155517578125,0.3063491640469078181041595598799176514148712158203125],"value":0},"problem_definition_id":"PROBLEM_SO3_ATTITU