{"contract_version":"1.0.0","data_version":"1.0.0","dataset_version":"0.18.9","environment":{"runtime":"deterministic_educational","version":"1.0.0"},"evaluation_budget":12,"fairness_statement":"Both traces use the same target rotation, identity initialization, chordal objective, 0.35 step size, twelve updates, and diagnostics; only the feasibility strategy changes between ambient QR projection and a Lie-algebra exponential update.","frames":[{"decision":"not_applicable","elapsed_steps":0,"elapsed_time_ms":0,"event_label_en":"Initial rotation","event_label_ja":"初期rotation","event_type":"initialize","explanation_key":"so3-projected-start","frame_index":0,"iteration":0,"keyframe":true,"metrics":[{"label_en":"objective value","label_ja":"目的関数値","metric_id":"objective_value","unit":"squared loss","value":3.884444681337316129798864494659937918186187744140625},{"label_en":"geodesic residual","label_ja":"geodesic residual","metric_id":"geodesic_residual","unit":"radian","value":2.799999999999999378275106209912337362766265869140625},{"label_en":"orthogonality error","label_ja":"直交性残差","metric_id":"orthogonality_error","unit":"Frobenius norm","value":0},{"label_en":"determinant error","label_ja":"determinant残差","metric_id":"determinant_error","unit":"absolute error","value":0}],"oracle_evaluations":0,"payload":{"claim_scope":"fixed_three_correspondence_teaching_instance","map_correction_norm":0,"matrix":[1,0,0,0,1,0,0,0,1],"strategy":"projected","target_matrix":[-0.8034921734780395841113431742996908724308013916015625,0.0088722872713982159353918177657760679721832275390625,0.59524919964508116176915564210503362119197845458984375,0.54604838149107559619466201183968223631381988525390625,-0.38730167190618425276937841772451065480709075927734375,0.742851654107097747470334070385433733463287353515625,0.2371318034986295286703494866742403246462345123291015625,0.92191035218032357789752495591528713703155517578125,0.3063491640469078181041595598799176514148712158203125],"update_norm":0},"points":[{"coordinates":[1,0,0,0,1,0,0,0,1],"label_en":"Current rotation matrix","label_ja":"現在のrotation matrix","point_id":"rotation","role":"current","value":3.884444681337316129798864494659937918186187744140625}],"vectors":[]},{"decision":"accepted","elapsed_steps":1,"elapsed_time_ms":1,"event_label_en":"Update on SO(3)","event_label_ja":"SO(3)上の更新","event_type":"update","explanation_key":"so3-projected-update","frame_index":1,"iteration":1,"keyframe":true,"metrics":[{"label_en":"objective value","label_ja":"目的関数値","metric_id":"objective_value","unit":"squared loss","value":3.313338587839126603284967131912708282470703125},{"label_en":"geodesic residual","label_ja":"geodesic residual","metric_id":"geodesic_residual","unit":"radian","value":2.28719021355204432666141656227409839630126953125},{"label_en":"orthogonality error","label_ja":"直交性残差","metric_id":"orthogonality_error","unit":"Frobenius norm","value":0.00000000000000023653385568338666796960699645472368807461714147744036296217018389143049716949462890625},{"label_en":"determinant error","label_ja":"determinant残差","metric_id":"determinant_error","unit":"absolute error","value":0.0000000000000002220446049250313080847263336181640625}],"oracle_evaluations":1,"payload":{"claim_scope":"fixed_three_correspondence_teaching_instance","map_correction_norm":1.1355430683117397894221767273847945034503936767578125,"matrix":[0.87064295521147194722999529403750784695148468017578125,-0.48457763079856175369997117741149850189685821533203125,0.0846484747073906473868731836773804388940334320068359375,0.451205683174090210751927543242345564067363739013671875,0.71813373027538707216166358193731866776943206787109375,-0.5298088116596024743643056353903375566005706787109375,0.1959445738264713465781596823944710195064544677734375,0.4994681823403872567013195293839089572429656982421875,0.8438822541193482518195878583355806767940521240234375],"strategy":"projected","target_matrix":[-0.8034921734780395841113431742996908724308013916015625,0.0088722872713982159353918177657760679721832275390625,0.59524919964508116176915564210503362119197845458984375,0.54604838149107559619466201183968223631381988525390625,-0.38730167190618425276937841772451065480709075927734375,0.742851654107097747470334070385433733463287353515625,0.2371318034986295286703494866742403246462345123291015625,0.92191035218032357789752495591528713703155517578125,0.3063491640469078181041595598799176514148712158203125],"update_norm":0.9755454612306093675755391814163886010646820068359375},"points":[{"coordinates":[0.87064295521147194722999529403750784695148468017578125,-0.48457763079856175369997117741149850189685821533203125,0.0846484747073906473868731836773804388940334320068359375,0.451205683174090210751927543242345564067363739013671875,0.71813373027538707216166358193731866776943206787109375,-0.5298088116596024743643056353903375566005706787109375,0.1959445738264713465781596823944710195064544677734375,0.4994681823403872567013195293839089572429656982421875,0.8438822541193482518195878583355806767940521240234375],"label_en":"Current rotation matrix","label_ja":"現在のrotation matrix","point_id":"rotation","role":"current","value":3.313338587839126603284967131912708282470703125}],"vectors":[]},{"decision":"accepted","elapsed_steps":2,"elapsed_time_ms":2,"event_label_en":"Update on SO(3)","event_label_ja":"SO(3)上の更新","event_type":"update","explanation_key":"so3-projected-update","frame_index":2,"iteration":2,"keyframe":false,"metrics":[{"label_en":"objective value","label_ja":"目的関数値","metric_id":"objective_value","unit":"squared loss","value":2.12840888527961613618799674441106617450714111328125},{"label_en":"geodesic residual","label_ja":"geodesic residual","metric_id":"geodesic_residual","unit":"radian","value":1.635044962165280946209122703294269740581512451171875},{"label_en":"orthogonality error","label_ja":"直交性残差","metric_id":"orthogonality_error","unit":"Frobenius norm","value":0.00000000000000014186602101576900640511850879203085967171437081595086748819767308305017650127410888671875},{"label_en":"determinant error","label_ja":"determinant残差","metric_id":"determinant_error","unit":"absolute error","value":0.00000000000000011102230246251565404236316680908203125}],"oracle_evaluations":2,"payload":{"claim_scope":"fixed_three_correspondence_teaching_instance","map_correction_norm":0.84616252522075197095574594641220755875110626220703125,"matrix":[0.47452772487078742624788674220326356589794158935546875,-0.669514639424602098216610102099366486072540283203125,0.57146617216165929153959268660400994122028350830078125,0.8073938591004019560415372325223870575428009033203125,0.07245619702587731414400451512847212143242359161376953125,-0.5855469714715528795068166800774633884429931640625,0.35062600390717546527952208634815178811550140380859375,0.73925655026431258409758129346300847828388214111328125,0.5749444827767227206294364805216901004314422607421875],"strategy":"projected","target_matrix":[-0.8034921734780395841113431742996908724308013916015625,0.0088722872713982159353918177657760679721832275390625,0.59524919964508116176915564210503362119197845458984375,0.54604838149107559619466201183968223631381988525390625,-0.38730167190618425276937841772451065480709075927734375,0.742851654107097747470334070385433733463287353515625,0.2371318034986295286703494866742403246462345123291015625,0.92191035218032357789752495591528713703155517578125,0.3063491640469078181041595598799176514148712158203125],"update_norm":0.90098166131203016870898636625497601926326751708984375},"points":[{"coordinates":[0.47452772487078742624788674220326356589794158935546875,-0.669514639424602098216610102099366486072540283203125,0.57146617216165929153959268660400994122028350830078125,0.8073938591004019560415372325223870575428009033203125,0.07245619702587731414400451512847212143242359161376953125,-0.5855469714715528795068166800774633884429931640625,0.35062600390717546527952208634815178811550140380859375,0.73925655026431258409758129346300847828388214111328125,0.5749444827767227206294364805216901004314422607421875],"label_en":"Current rotation matrix","label_ja":"現在のrotation matrix","point_id":"rotation","role":"current","value":2.12840888527961613618799674441106617450714111328125}],"vectors":[]},{"decision":"accepted","elapsed_steps":3,"elapsed_time_ms":3,"event_label_en":"Update on SO(3)","event_label_ja":"SO(3)上の更新","event_type":"update","explanation_key":"so3-projected-update","frame_index":3,"iteration":3,"keyframe":false,"metrics":[{"label_en":"objective value","label_ja":"目的関数値","metric_id":"objective_value","unit":"squared loss","value":1.0835368706729424648216308924020268023014068603515625},{"label_en":"geodesic residual","label_ja":"geodesic residual","metric_id":"geodesic_residual","unit":"radian","value":1.0947917662348203293731785379350185394287109375},{"label_en":"orthogonality error","label_ja":"直交性残差","metric_id":"orthogonality_error","unit":"Frobenius norm","value":0.0000000000000003171461671621200629586858952606649510978588965386115727795868224347941577434539794921875},{"label_en":"determinant error","label_ja":"determinant残差","metric_id":"determinant_error","unit":"absolute error","value":0.0000000000000002220446049250313080847263336181640625}],"oracle_evaluations":3,"payload":{"claim_scope":"fixed_three_correspondence_teaching_instance","map_correction_norm":0.45381236384952428064565310705802403390407562255859375,"matrix":[0.03485411727451602492688920165164745412766933441162109375,-0.4950102333582491187513596742064692080020904541015625,0.8681878019067224006022343019139952957630157470703125,0.916684977439233161788934012292884290218353271484375,-0.33020034524336872028271727685933001339435577392578125,-0.2250697317241765194051339449288207106292247772216796875,0.398087732348344214283741848703357391059398651123046875,0.803699322428339524293505746754817664623260498046875,0.44225960304099809494715600521885789930820465087890625],"strategy":"projected","target_matrix":[-0.8034921734780395841113431742996908724308013916015625,0.0088722872713982159353918177657760679721832275390625,0.59524919964508116176915564210503362119197845458984375,0.54604838149107559619466201183968223631381988525390625,-0.38730167190618425276937841772451065480709075927734375,0.742851654107097747470334070385433733463287353515625,0.2371318034986295286703494866742403246462345123291015625,0.92191035218032357789752495591528713703155517578125,0.3063491640469078181041595598799176514148712158203125],"update_norm":0.7221219958521591930633576339459978044033050537109375},"points":[{"coordinates":[0.03485411727451602492688920165164745412766933441162109375,-0.4950102333582491187513596742064692080020904541015625,0.8681878019067224006022343019139952957630157470703125,0.916684977439233161788934012292884290218353271484375,-0.33020034524336872028271727685933001339435577392578125,-0.2250697317241765194051339449288207106292247772216796875,0.398087732348344214283741848703357391059398651123046875,0.803699322428339524293505746754817664623260498046875,0.44225960304099809494715600521885789930820465087890625],"label_en":"Current rotation matrix","label_ja":"現在のrotation matrix","point_id":"rotation","role":"current","value":1.0835368706729424648216308924020268023014068603515625}],"vectors":[]},{"decision":"accepted","elapsed_steps":4,"elapsed_time_ms":4,"event_label_en":"Update on SO(3)","event_label_ja":"SO(3)上の更新","event_type":"update","explanation_key":"so3-projected-update","frame_index":4,"iteration":4,"keyframe":true,"metrics":[{"label_en":"objective value","label_ja":"目的関数値","metric_id":"objective_value","unit":"squared loss","value":0.494996606329547172986593750465544871985912322998046875},{"label_en":"geodesic residual","label_ja":"geodesic residual","metric_id":"geodesic_residual","unit":"radian","value":0.718943883398047933752650351379998028278350830078125},{"label_en":"orthogonality error","label_ja":"直交性残差","metric_id":"orthogonality_error","unit":"Frobenius norm","value":0.0000000000000003313276427195178351217685151672577532803870841056348428566025177133269608020782470703125},{"label_en":"determinant error","label_ja":"determinant残差","metric_id":"determinant_error","unit":"absolute error","value":0.0000000000000002220446049250313080847263336181640625}],"oracle_evaluations":4,"payload":{"claim_scope":"fixed_three_correspondence_teaching_instance","map_correction_norm":0.2061502499230518370421094687117147259414196014404296875,"matrix":[-0.28855316800483044037406443749205209314823150634765625,-0.298991955494738170795443465976859442889690399169921875,0.90958280534748947587786460644565522670745849609375,0.87822635032076579175708275215583853423595428466796875,-0.461060781854680412639169162503094412386417388916015625,0.127048939538347005484553164933458901941776275634765625,0.381386348518983842037499698562896810472011566162109375,0.8354799614502932403325985433184541761875152587890625,0.39562316309636480493594490326358936727046966552734375],"strategy":"projected","target_matrix":[-0.8034921734780395841113431742996908724308013916015625,0.0088722872713982159353918177657760679721832275390625,0.59524919964508116176915564210503362119197845458984375,0.54604838149107559619466201183968223631381988525390625,-0.38730167190618425276937841772451065480709075927734375,0.742851654107097747470334070385433733463287353515625,0.2371318034986295286703494866742403246462345123291015625,0.92191035218032357789752495591528713703155517578125,0.3063491640469078181041595598799176514148712158203125],"update_norm":0.51523444500040060933798713449505157768726348876953125},"points":[{"coordinates":[-0.28855316800483044037406443749205209314823150634765625,-0.298991955494738170795443465976859442889690399169921875,0.90958280534748947587786460644565522670745849609375,0.87822635032076579175708275215583853423595428466796875,-0.461060781854680412639169162503094412386417388916015625,0.127048939538347005484553164933458901941776275634765625,0.381386348518983842037499698562896810472011566162109375,0.8354799614502932403325985433184541761875152587890625,0.39562316309636480493594490326358936727046966552734375],"label_en":"Current rotation matrix","label_ja":"現在のrotation matrix","point_id":"rotation","role":"current","value":0.494996606329547172986593750465544871985912322998046875}],"vectors":[]},{"decision":"accepted","elapsed_steps":5,"elapsed_time_ms":5,"event_label_en":"Update on SO(3)","event_label_ja":"SO(3)上の更新","event_type":"update","explanation_key":"so3-projected-update","frame_index":5,"iteration":5,"keyframe":false,"metrics":[{"label_en":"objective value","label_ja":"目的関数値","metric_id":"objective_value","unit":"squared loss","value":0.216180890800602265588992167977266944944858551025390625},{"label_en":"geodesic residual","label_ja":"geodesic residual","metric_id":"geodesic_residual","unit":"radian","value":0.469245903556792132160779829064267687499523162841796875},{"label_en":"orthogonality error","label_ja":"直交性残差","metric_id":"orthogonality_error","unit":"Frobenius norm","value":0.00000000000000035163148668692987542943302630331223990809615402748644630293028967571444809436798095703125},{"label_en":"determinant error","label_ja":"determinant残差","metric_id":"determinant_error","unit":"absolute error","value":0}],"oracle_evaluations":5,"payload":{"claim_scope":"fixed_three_correspondence_teaching_instance","map_correction_norm":0.08923130060570351462789773222539224661886692047119140625,"matrix":[-0.49146045331409826673052521073259413242340087890625,-0.1706144990211218848141783155369921587407588958740234375,0.85402418909072641550750404348946176469326019287109375,0.79882620662395720234627560785156674683094024658203125,-0.478923317759444910901578396078548394143581390380859375,0.364018059053482279097124774125404655933380126953125,0.346905339306099180785025737350224517285823822021484375,0.8611173836533885239674646072671748697757720947265625,0.371663203896838434392435601694160141050815582275390625],"strategy":"projected","target_matrix":[-0.8034921734780395841113431742996908724308013916015625,0.0088722872713982159353918177657760679721832275390625,0.59524919964508116176915564210503362119197845458984375,0.54604838149107559619466201183968223631381988525390625,-0.38730167190618425276937841772451065480709075927734375,0.742851654107097747470334070385433733463287353515625,0.2371318034986295286703494866742403246462345123291015625,0.92191035218032357789752495591528713703155517578125,0.3063491640469078181041595598799176514148712158203125],"update_norm":0.34824440921677268789835579809732735157012939453125},"points":[{"coordinates":[-0.49146045331409826673052521073259413242340087890625,-0.1706144990211218848141783155369921587407588958740234375,0.85402418909072641550750404348946176469326019287109375,0.79882620662395720234627560785156674683094024658203125,-0.478923317759444910901578396078548394143581390380859375,0.364018059053482279097124774125404655933380126953125,0.346905339306099180785025737350224517285823822021484375,0.8611173836533885239674646072671748697757720947265625,0.371663203896838434392435601694160141050815582275390625],"label_en":"Current rotation matrix","label_ja":"現在のrotation matrix","point_id":"rotation","role":"current","value":0.216180890800602265588992167977266944944858551025390625}],"vectors":[]},{"decision":"accepted","elapsed_steps":6,"elapsed_time_ms":6,"event_label_en":"Update on SO(3)","event_label_ja":"SO(3)上の更新","event_type":"update","explanation_key":"so3-projected-update","frame_index":6,"iteration":6,"keyframe":false,"metrics":[{"label_en":"objective value","label_ja":"目的関数値","metric_id":"objective_value","unit":"squared loss","value":0.09264683024623217300064226265021716244518756866455078125},{"label_en":"geodesic residual","label_ja":"geodesic residual","metric_id":"geodesic_residual","unit":"radian","value":0.305566827625713133276263988591381348669528961181640625},{"label_en":"orthogonality error","label_ja":"直交性残差","metric_id":"orthogonality_error","unit":"Frobenius norm","value":0.00000000000000026404292072846400240941881934767091435476411387210660119961858072201721370220184326171875},{"label_en":"determinant error","label_ja":"determinant残差","metric_id":"determinant_error","unit":"absolute error","value":0.0000000000000002220446049250313080847263336181640625}],"oracle_evaluations":6,"payload":{"claim_scope":"fixed_three_correspondence_teaching_instance","map_correction_norm":0.038068226879928425410160031105988309718668460845947265625,"matrix":[-0.61287533578192310290688737950404174625873565673828125,-0.09608716905515808648363673682979424484074115753173828125,0.7843156754350639747741524843149818480014801025390625,0.72478615420206982111750448893872089684009552001953125,-0.463732753902821315250548650510609149932861328125,0.509545840562631635606294366880320012569427490234375,0.314752050775159386564183705559116788208484649658203125,0.88074922021008383854479006913607008755207061767578125,0.35385301698891968857907386336592026054859161376953125],"strategy":"projected","target_matrix":[-0.8034921734780395841113431742996908724308013916015625,0.0088722872713982159353918177657760679721832275390625,0.59524919964508116176915564210503362119197845458984375,0.54604838149107559619466201183968223631381988525390625,-0.38730167190618425276937841772451065480709075927734375,0.742851654107097747470334070385433733463287353515625,0.2371318034986295286703494866742403246462345123291015625,0.92191035218032357789752495591528713703155517578125,0.3063491640469078181041595598799176514148712158203125],"update_norm":0.2301397797994678418032066247178590856492519378662109375},"points":[{"coordinates":[-0.61287533578192310290688737950404174625873565673828125,-0.09608716905515808648363673682979424484074115753173828125,0.7843156754350639747741524843149818480014801025390625,0.72478615420206982111750448893872089684009552001953125,-0.463732753902821315250548650510609149932861328125,0.509545840562631635606294366880320012569427490234375,0.314752050775159386564183705559116788208484649658203125,0.88074922021008383854479006913607008755207061767578125,0.35385301698891968857907386336592026054859161376953125],"label_en":"Current rotation matrix","label_ja":"現在のrotation matrix","point_id":"rotation","role":"current","value":0.09264683024623217300064226265021716244518756866455078125}],"vectors":[]},{"decision":"accepted","elapsed_steps":7,"elapsed_time_ms":7,"event_label_en":"Update on SO(3)","event_label_ja":"SO(3)上の更新","event_type":"update","explanation_key":"so3-projected-update","frame_index":7,"iteration":7,"keyframe":false,"metrics":[{"label_en":"objective value","label_ja":"目的関数値","metric_id":"objective_value","unit":"squared loss","value":0.03938708441260664605554353556726709939539432525634765625},{"label_en":"geodesic residual","label_ja":"geodesic residual","metric_id":"geodesic_residual","unit":"radian","value":0.198788948878009907872410622076131403446197509765625},{"label_en":"orthogonality error","label_ja":"直交性残差","metric_id":"orthogonality_error","unit":"Frobenius norm","value":0.00000000000000028185920280518336861705828923782938153906702460037292379269047160050831735134124755859375},{"label_en":"determinant error","label_ja":"determinant残差","metric_id":"determinant_error","unit":"absolute error","value":0.0000000000000002220446049250313080847263336181640625}],"oracle_evaluations":7,"payload":{"claim_scope":"fixed_three_correspondence_teaching_instance","map_correction_norm":0.016154492087625406393502913715565227903425693511962890625,"matrix":[-0.68540928010787960378280558870756067335605621337890625,-0.053669368160374202048057412639536778442561626434326171875,0.72617746981248643134421172362635843455791473388671875,0.667897335910798251035203065839596092700958251953125,-0.443584055752609174305689521133899688720703125,0.59761721374582632559935291283181868493556976318359375,0.290047008992088850565238544731982983648777008056640625,0.89462438173980718403299761121161282062530517578125,0.33988225633505908529485850522178225219249725341796875],"strategy":"projected","target_matrix":[-0.8034921734780395841113431742996908724308013916015625,0.0088722872713982159353918177657760679721832275390625,0.59524919964508116176915564210503362119197845458984375,0.54604838149107559619466201183968223631381988525390625,-0.38730167190618425276937841772451065480709075927734375,0.742851654107097747470334070385433733463287353515625,0.2371318034986295286703494866742403246462345123291015625,0.92191035218032357789752495591528713703155517578125,0.3063491640469078181041595598799176514148712158203125],"update_norm":0.150660125482248552497566151942010037600994110107421875},"points":[{"coordinates":[-0.68540928010787960378280558870756067335605621337890625,-0.053669368160374202048057412639536778442561626434326171875,0.72617746981248643134421172362635843455791473388671875,0.667897335910798251035203065839596092700958251953125,-0.443584055752609174305689521133899688720703125,0.59761721374582632559935291283181868493556976318359375,0.290047008992088850565238544731982983648777008056640625,0.89462438173980718403299761121161282062530517578125,0.33988225633505908529485850522178225219249725341796875],"label_en":"Current rotation matrix","label_ja":"現在のrotation matrix","point_id":"rotation","role":"current","value":0.03938708441260664605554353556726709939539432525634765625}],"vectors":[]},{"decision":"accepted","elapsed_steps":8,"elapsed_time_ms":8,"event_label_en":"Update on SO(3)","event_label_ja":"SO(3)上の更新","event_type":"update","explanation_key":"so3-projected-update","frame_index":8,"iteration":8,"keyframe":false,"metrics":[{"label_en":"objective value","label_ja":"目的関数値","metric_id":"objective_value","unit":"squared loss","value":0.016686899876333920189619419716109405271708965301513671875},{"label_en":"geodesic residual","label_ja":"geodesic residual","metric_id":"geodesic_residual","unit":"radian","value":0.1292677687156671695323240101060946471989154815673828125},{"label_en":"orthogonality error","label_ja":"直交性残差","metric_id":"orthogonality_error","unit":"Frobenius norm","value":0.000000000000000238964061840021315958065070726943051683508509146214304763589098001830279827117919921875},{"label_en":"determinant error","label_ja":"determinant残差","metric_id":"determinant_error","unit":"absolute error","value":0}],"oracle_evaluations":8,"payload":{"claim_scope":"fixed_three_correspondence_teaching_instance","map_correction_norm":0.006839827634638473430328531321720220148563385009765625,"matrix":[-0.72936395069935244794834261483629234135150909423828125,-0.029193633576685938668671127516063279472291469573974609375,0.6835027133661013554188912166864611208438873291015625,0.6275091899421962882144043760490603744983673095703125,-0.426515229201723078400476651950157247483730316162109375,0.65139617422663020906981046209693886339664459228515625,0.272507695227715007746382980258204042911529541015625,0.904009121092034018118965832400135695934295654296875,0.32940410596118407937638039584271609783172607421875],"strategy":"projected","target_matrix":[-0.8034921734780395841113431742996908724308013916015625,0.0088722872713982159353918177657760679721832275390625,0.59524919964508116176915564210503362119197845458984375,0.54604838149107559619466201183968223631381988525390625,-0.38730167190618425276937841772451065480709075927734375,0.742851654107097747470334070385433733463287353515625,0.2371318034986295286703494866742403246462345123291015625,0.92191035218032357789752495591528713703155517578125,0.3063491640469078181041595598799176514148712158203125],"update_norm":0.09823357715714432780718112780959927476942539215087890625},"points":[{"coordinates":[-0.72936395069935244794834261483629234135150909423828125,-0.029193633576685938668671127516063279472291469573974609375,0.6835027133661013554188912166864611208438873291015625,0.6275091899421962882144043760490603744983673095703125,-0.426515229201723078400476651950157247483730316162109375,0.65139617422663020906981046209693886339664459228515625,0.272507695227715007746382980258204042911529541015625,0.904009121092034018118965832400135695934295654296875,0.32940410596118407937638039584271609783172607421875],"label_en":"Current rotation matrix","label_ja":"現在のrotation matrix","point_id":"rotation","role":"current","value":0.016686899876333920189619419716109405271708965301513671875}],"vectors":[]},{"decision":"accepted","elapsed_steps":9,"elapsed_time_ms":9,"event_label_en":"Update on SO(3)","event_label_ja":"SO(3)上の更新","event_type":"update","explanation_key":"so3-projected-update","frame_index":9,"iteration":9,"keyframe":false,"metrics":[{"label_en":"objective value","label_ja":"目的関数値","metric_id":"objective_value","unit":"squared loss","value":0.00705901139326457587042096264440260711126029491424560546875},{"label_en":"geodesic residual","label_ja":"geodesic residual","metric_id":"geodesic_residual","unit":"radian","value":0.0840426545045393769139963069392251782119274139404296875},{"label_en":"orthogonality error","label_ja":"直交性残差","metric_id":"orthogonality_error","unit":"Frobenius norm","value":0.00000000000000004985632692522360610055503243289439516268727890292190851884157609674730338156223297119140625},{"label_en":"determinant error","label_ja":"determinant残差","metric_id":"determinant_error","unit":"absolute error","value":0}],"oracle_evaluations":9,"payload":{"claim_scope":"fixed_three_correspondence_teaching_instance","map_correction_norm":0.00289299711059159449233479932672707946039736270904541015625,"matrix":[-0.756461220320991944987554234103299677371978759765625,-0.0147300467490088758670818691598469740711152553558349609375,0.65387265417147377721818202189751900732517242431640625,0.59991181154841488609719135638442821800708770751953125,-0.41385557142390749785221260026446543633937835693359375,0.6847111685711648743080104395630769431591033935546875,0.26052301340798056372705104877240955829620361328125,0.91022337463073477170638625466381199657917022705078125,0.321902419625361313482159175691776908934116363525390625],"strategy":"projected","target_matrix":[-0.8034921734780395841113431742996908724308013916015625,0.0088722872713982159353918177657760679721832275390625,0.59524919964508116176915564210503362119197845458984375,0.54604838149107559619466201183968223631381988525390625,-0.38730167190618425276937841772451065480709075927734375,0.742851654107097747470334070385433733463287353515625,0.2371318034986295286703494866742403246462345123291015625,0.92191035218032357789752495591528713703155517578125,0.3063491640469078181041595598799176514148712158203125],"update_norm":0.0639397409261392712931382220631348900496959686279296875},"points":[{"coordinates":[-0.756461220320991944987554234103299677371978759765625,-0.0147300467490088758670818691598469740711152553558349609375,0.65387265417147377721818202189751900732517242431640625,0.59991181154841488609719135638442821800708770751953125,-0.41385557142390749785221260026446543633937835693359375,0.6847111685711648743080104395630769431591033935546875,0.26052301340798056372705104877240955829620361328125,0.91022337463073477170638625466381199657917022705078125,0.321902419625361313482159175691776908934116363525390625],"label_en":"Current rotation matrix","label_ja":"現在のrotation matrix","point_id":"rotation","role":"current","value":0.00705901139326457587042096264440260711126029491424560546875}],"vectors":[]},{"decision":"accepted","elapsed_steps":10,"elapsed_time_ms":10,"event_label_en":"Update on SO(3)","event_label_ja":"SO(3)上の更新","event_type":"update","explanation_key":"so3-projected-update","frame_index":10,"iteration":10,"keyframe":false,"metrics":[{"label_en":"objective value","label_ja":"目的関数値","metric_id":"objective_value","unit":"squared loss","value":0.0029841674541494522289453161789651858271099627017974853515625},{"label_en":"geodesic residual","label_ja":"geodesic residual","metric_id":"geodesic_residual","unit":"radian","value":0.054634328532369678954605518583775847218930721282958984375},{"label_en":"orthogonality error","label_ja":"直交性残差","metric_id":"orthogonality_error","unit":"Frobenius norm","value":0.00000000000000025049866498398525754256092352125762358383112061478714682749568964936770498752593994140625},{"label_en":"determinant error","label_ja":"determinant残差","metric_id":"determinant_error","unit":"absolute error","value":0}],"oracle_evaluations":10,"payload":{"claim_scope":"fixed_three_correspondence_teaching_instance","map_correction_norm":0.00122301678017008690069200582684061373583972454071044921875,"matrix":[-0.77342019048484578203073169788694940507411956787109375,-0.005974784040978449277392581251433512079529464244842529296875,0.6338655306183234028338802090729586780071258544921875,0.5814340951482852570819659376866184175014495849609375,-0.404998659128448235122732512536458671092987060546875,0.70562771990848960346198737170198000967502593994140625,0.252498716728382088803073202143423259258270263671875,0.9142977567837637931091876453137956559658050537109375,0.316708083241804327911950167617760598659515380859375],"strategy":"projected","target_matrix":[-0.8034921734780395841113431742996908724308013916015625,0.0088722872713982159353918177657760679721832275390625,0.59524919964508116176915564210503362119197845458984375,0.54604838149107559619466201183968223631381988525390625,-0.38730167190618425276937841772451065480709075927734375,0.742851654107097747470334070385433733463287353515625,0.2371318034986295286703494866742403246462345123291015625,0.92191035218032357789752495591528713703155517578125,0.3063491640469078181041595598799176514148712158203125],"update_norm":0.04158675018981190796285574151625041849911212921142578125},"points":[{"coordinates":[-0.77342019048484578203073169788694940507411956787109375,-0.005974784040978449277392581251433512079529464244842529296875,0.6338655306183234028338802090729586780071258544921875,0.5814340951482852570819659376866184175014495849609375,-0.404998659128448235122732512536458671092987060546875,0.70562771990848960346198737170198000967502593994140625,0.252498716728382088803073202143423259258270263671875,0.9142977567837637931091876453137956559658050537109375,0.316708083241804327911950167617760598659515380859375],"label_en":"Current rotation matrix","label_ja":"現在のrotation matrix","point_id":"rotation","role":"current","value":0.0029841674541494522289453161789651858271099627017974853515625}],"vectors":[]},{"decision":"accepted","elapsed_steps":11,"elapsed_time_ms":11,"event_label_en":"Update on SO(3)","event_label_ja":"SO(3)上の更新","event_type":"update","explanation_key":"so3-projected-update","frame_index":11,"iteration":11,"keyframe":false,"metrics":[{"label_en":"objective value","label_ja":"目的関数値","metric_id":"objective_value","unit":"squared loss","value":0.0012611655458762403327066525804411867284215986728668212890625},{"label_en":"geodesic residual","label_ja":"geodesic residual","metric_id":"geodesic_residual","unit":"radian","value":0.035514759087554255423402338465166394598782062530517578125},{"label_en":"orthogonality error","label_ja":"直交性残差","metric_id":"orthogonality_error","unit":"Frobenius norm","value":0.000000000000000197542468911294051018627892492636797636099848553270508233481450588442385196685791015625},{"label_en":"determinant error","label_ja":"determinant残差","metric_id":"determinant_error","unit":"absolute error","value":0.0000000000000002220446049250313080847263336181640625}],"oracle_evaluations":11,"payload":{"claim_scope":"fixed_three_correspondence_teaching_instance","map_correction_norm":0.0005168981037899367247945292547228746116161346435546875,"matrix":[-0.78415883020738441633312731937621720135211944580078125,-0.00056605447329625816800524606975386632257141172885894775390625,0.62055991539102783871584279040689580142498016357421875,0.56920403099339644814591565591399557888507843017578125,-0.398985676049361692729888773101265542209148406982421875,0.718899994024413846460674903937615454196929931640625,0.2471875808139537833429955071551376022398471832275390625,0.9169569836637740944951247001881711184978485107421875,0.31319034148833202468864556067273952066898345947265625],"strategy":"projected","target_matrix":[-0.8034921734780395841113431742996908724308013916015625,0.0088722872713982159353918177657760679721832275390625,0.59524919964508116176915564210503362119197845458984375,0.54604838149107559619466201183968223631381988525390625,-0.38730167190618425276937841772451065480709075927734375,0.742851654107097747470334070385433733463287353515625,0.2371318034986295286703494866742403246462345123291015625,0.92191035218032357789752495591528713703155517578125,0.3063491640469078181041595598799176514148712158203125],"update_norm":0.027039249735645691508079124787400360219180583953857421875},"points":[{"coordinates":[-0.78415883020738441633312731937621720135211944580078125,-0.00056605447329625816800524606975386632257141172885894775390625,0.62055991539102783871584279040689580142498016357421875,0.56920403099339644814591565591399557888507843017578125,-0.398985676049361692729888773101265542209148406982421875,0.718899994024413846460674903937615454196929931640625,0.2471875808139537833429955071551376022398471832275390625,0.9169569836637740944951247001881711184978485107421875,0.31319034148833202468864556067273952066898345947265625],"label_en":"Current rotation matrix","label_ja":"現在のrotation matrix","point_id":"rotation","role":"current","value":0.0012611655458762403327066525804411867284215986728668212890625}],"vectors":[]},{"decision":"accepted","elapsed_steps":12,"elapsed_time_ms":12,"event_label_en":"Update on SO(3)","event_label_ja":"SO(3)上の更新","event_type":"update","explanation_key":"so3-projected-update","frame_index":12,"iteration":12,"keyframe":true,"metrics":[{"label_en":"objective value","label_ja":"目的関数値","metric_id":"objective_value","unit":"squared loss","value":0.000532918129507770998824767172408201076905243098735809326171875},{"label_en":"geodesic residual","label_ja":"geodesic residual","metric_id":"geodesic_residual","unit":"radian","value":0.0230855322225978036587701325288435327820479869842529296875},{"label_en":"orthogonality error","label_ja":"直交性残差","metric_id":"orthogonality_error","unit":"Frobenius norm","value":0.0000000000000001339115655241028707334240577943086583405241508752669954418479392188601195812225341796875},{"label_en":"determinant error","label_ja":"determinant残差","metric_id":"determinant_error","unit":"absolute error","value":0}],"oracle_evaluations":12,"payload":{"claim_scope":"fixed_three_correspondence_teaching_instance","map_correction_norm":0.000218432516607084000435923254457293296582065522670745849609375,"matrix":[-0.79101648074964769907779782442958094179630279541015625,0.0028279443970897137454467706874083887669257819652557373046875,0.611788304818692285635961525258608162403106689453125,0.56116409711753745259699144298792816698551177978515625,-0.394971717155722601422240813917596824467182159423828125,0.72738724126377063416981627597124315798282623291015625,0.2436960879634739729482362236012704670429229736328125,0.91868892742731300682379469435545615851879119873046875,0.310842196835873496585378461531945504248142242431640625],"strategy":"projected","target_matrix":[-0.8034921734780395841113431742996908724308013916015625,0.0088722872713982159353918177657760679721832275390625,0.59524919964508116176915564210503362119197845458984375,0.54604838149107559619466201183968223631381988525390625,-0.38730167190618425276937841772451065480709075927734375,0.742851654107097747470334070385433733463287353515625,0.2371318034986295286703494866742403246462345123291015625,0.92191035218032357789752495591528713703155517578125,0.3063491640469078181041595598799176514148712158203125],"update_norm":0.0175779850591493806699627810985475662164390087127685546875},"points":[{"coordinates":[-0.79101648074964769907779782442958094179630279541015625,0.0028279443970897137454467706874083887669257819652557373046875,0.611788304818692285635961525258608162403106689453125,0.56116409711753745259699144298792816698551177978515625,-0.394971717155722601422240813917596824467182159423828125,0.72738724126377063416981627597124315798282623291015625,0.2436960879634739729482362236012704670429229736328125,0.91868892742731300682379469435545615851879119873046875,0.310842196835873496585378461531945504248142242431640625],"label_en":"Current rotation matrix","label_ja":"現在のrotation matrix","point_id":"rotation","role":"current","value":0.000532918129507770998824767172408201076905243098735809326171875}],"vectors":[]}],"generator_id":"educational.so3_attitude.v1","generator_version":"1.0.0","implementation_id":null,"implementation_mapping_status":"not_applicable","initial_state":{"point":[1,0,0,0,1,0,0,0,1],"target_rotation":[-0.8034921734780395841113431742996908724308013916015625,0.0088722872713982159353918177657760679721832275390625,0.59524919964508116176915564210503362119197845458984375,0.54604838149107559619466201183968223631381988525390625,-0.38730167190618425276937841772451065480709075927734375,0.742851654107097747470334070385433733463287353515625,0.2371318034986295286703494866742403246462345123291015625,0.92191035218032357789752495591528713703155517578125,0.3063491640469078181041595598799176514148712158203125]},"method_id":"M_PROJECTED_GRADIENT","objective":{"dimensions":9,"direction":"minimize","display_expression":"min 0.5 ||R-R_target||_F^2, R^T R=I, det(R)=1","display_range":{"geodesic_residual":[0,3.141592653589793115997963468544185161590576171875],"objective_value":[0,4],"oracle_evaluations":[0,12],"orthogonality_error":[0,0.00000000010000000000000000364321973154977415791655470655996396089904010295867919921875]},"domain":{"matrix_entry":[-1,1]},"family":"rotation_manifold_least_squares","generator_id":"problem.so3_attitude.fixed_3.v1","known_reference_status":"known_exact","optimum":{"point":[-0.8034921734780395841113431742996908724308013916015625,0.0088722872713982159353918177657760679721832275390625,0.59524919964508116176915564210503362119197845458984375,0.54604838149107559619466201183968223631381988525390625,-0.38730167190618425276937841772451065480709075927734375,0.742851654107097747470334070385433733463287353515625,0.237131803498629528670349486674240324646234512329101